Dynamical matrix file
default                                                                    
  2   12  0  8.8171743  0.0000000  0.0000000  0.0000000  0.0000000  0.0000000
Basis vectors
      0.977298060    0.000000000    0.000000000
      0.488649030    0.848898623    0.000000000
      0.000000000    0.000000000    1.596648933
           1  'H   '    918.83605493596531     
           2  'O   '    14582.196429874228     
    1    2      0.4886490300      0.2834051930      0.0974488840
    2    1      0.4886490300      0.2793463270      0.3108737520
    3    1      0.4886490300      0.0795428680      0.0340531210
    4    2      0.9772980600      0.5674385530      1.4951732170
    5    1      1.1477678060      0.4617505560      1.5683006680
    6    1      0.8068283150      0.4617505560      1.5683006680
    7    2      0.9772980600      0.5654934300      0.8957733500
    8    1      0.9772980600      0.5695522970      1.1091982190
    9    1      0.9772980600      0.7693557560      0.8323775870
   10    2      0.4886490300      0.2814600710      0.6968487500
   11    1      0.3181792850      0.3871480680      0.7699762010
   12    1      0.6591187760      0.3871480680      0.7699762010

     Dynamical  Matrix in cartesian axes

     q = (    0.000000000   0.000000000   0.000000000 ) 

    1    1
  0.08683255  0.00000000    0.00000000  0.00000000    0.00000000  0.00000000
  0.00000000  0.00000000    0.85777243  0.00000000    0.17721215  0.00000000
  0.00000000  0.00000000    0.17721215  0.00000000    0.98812883  0.00000000
    1    2
 -0.03529661  0.00000000    0.00000000  0.00000000    0.00000000  0.00000000
  0.00000000  0.00000000   -0.09992703  0.00000000   -0.01528731  0.00000000
  0.00000000  0.00000000    0.06716733  0.00000000   -0.75920273  0.00000000
    1    3
 -0.03661595  0.00000000    0.00000000  0.00000000    0.00000000  0.00000000
  0.00000000  0.00000000   -0.69431116  0.00000000   -0.13328502  0.00000000
  0.00000000  0.00000000   -0.21956619  0.00000000   -0.15327307  0.00000000
    1    4
 -0.05246602  0.00000000    0.00000000  0.00000000    0.00000000  0.00000000
  0.00000000  0.00000000   -0.05604999  0.00000000    0.00384067  0.00000000
  0.00000000  0.00000000    0.00126754  0.00000000    0.00531880  0.00000000
    1    5
  0.01518917  0.00000000   -0.02608261  0.00000000    0.01525625  0.00000000
 -0.02463123  0.00000000   -0.00735068  0.00000000   -0.01462882  0.00000000
  0.00746046  0.00000000   -0.01097498  0.00000000   -0.01893187  0.00000000
    1    6
  0.01518917  0.00000000    0.02608261  0.00000000   -0.01525625  0.00000000
  0.02463123  0.00000000   -0.00735068  0.00000000   -0.01462882  0.00000000
 -0.00746046  0.00000000   -0.01097498  0.00000000   -0.01893187  0.00000000
    1    7
  0.00092992  0.00000000    0.00000000  0.00000000    0.00000000  0.00000000
  0.00000000  0.00000000    0.00122091  0.00000000   -0.00110624  0.00000000
  0.00000000  0.00000000    0.00110624  0.00000000   -0.01319421  0.00000000
    1    8
 -0.00096674  0.00000000    0.00000000  0.00000000    0.00000000  0.00000000
  0.00000000  0.00000000   -0.00135011  0.00000000    0.00148974  0.00000000
  0.00000000  0.00000000   -0.00096501  0.00000000    0.01488248  0.00000000
    1    9
 -0.00025004  0.00000000    0.00000000  0.00000000    0.00000000  0.00000000
  0.00000000  0.00000000   -0.00105047  0.00000000   -0.00024329  0.00000000
  0.00000000  0.00000000   -0.00770796  0.00000000    0.00381879  0.00000000
    1   10
  0.00979269  0.00000000    0.00000000  0.00000000    0.00000000  0.00000000
  0.00000000  0.00000000    0.00880203  0.00000000   -0.00742547  0.00000000
  0.00000000  0.00000000   -0.00563334  0.00000000   -0.05008078  0.00000000
    1   11
 -0.00076010  0.00000000    0.00026153  0.00000000   -0.00219381  0.00000000
 -0.00027012  0.00000000    0.00033245  0.00000000    0.00202708  0.00000000
 -0.00913092  0.00000000    0.00455498  0.00000000    0.00027342  0.00000000
    1   12
 -0.00076010  0.00000000   -0.00026153  0.00000000    0.00219381  0.00000000
  0.00027012  0.00000000    0.00033245  0.00000000    0.00202708  0.00000000
  0.00913092  0.00000000    0.00455498  0.00000000    0.00027342  0.00000000
    2    1
 -0.03529661  0.00000000    0.00000000  0.00000000    0.00000000  0.00000000
  0.00000000  0.00000000   -0.09992703  0.00000000    0.06716733  0.00000000
  0.00000000  0.00000000   -0.01528731  0.00000000   -0.75920273  0.00000000
    2    2
  0.05653447  0.00000000    0.00000000  0.00000000    0.00000000  0.00000000
  0.00000000  0.00000000    0.11466661  0.00000000    0.00349562  0.00000000
  0.00000000  0.00000000    0.00349562  0.00000000    0.76300317  0.00000000
    2    3
 -0.00264998  0.00000000    0.00000000  0.00000000    0.00000000  0.00000000
  0.00000000  0.00000000    0.00430259  0.00000000   -0.07916832  0.00000000
  0.00000000  0.00000000   -0.00149252  0.00000000   -0.02317079  0.00000000
    2    4
 -0.00686957  0.00000000    0.00000000  0.00000000    0.00000000  0.00000000
  0.00000000  0.00000000   -0.00597332  0.00000000    0.00072788  0.00000000
  0.00000000  0.00000000   -0.00154107  0.00000000    0.01675301  0.00000000
    2    5
  0.00366979  0.00000000   -0.00329675  0.00000000   -0.00639984  0.00000000
 -0.00485011  0.00000000    0.00127912  0.00000000    0.00342806  0.00000000
 -0.01034379  0.00000000    0.00671174  0.00000000   -0.00550035  0.00000000
    2    6
  0.00366979  0.00000000    0.00329675  0.00000000    0.00639984  0.00000000
  0.00485011  0.00000000    0.00127912  0.00000000    0.00342806  0.00000000
  0.01034379  0.00000000    0.00671174  0.00000000   -0.00550035  0.00000000
    2    7
 -0.00096674  0.00000000    0.00000000  0.00000000    0.00000000  0.00000000
  0.00000000  0.00000000   -0.00135011  0.00000000    0.00096501  0.00000000
  0.00000000  0.00000000   -0.00148974  0.00000000    0.01488248  0.00000000
    2    8
  0.00042181  0.00000000    0.00000000  0.00000000    0.00000000  0.00000000
  0.00000000  0.00000000    0.00050174  0.00000000   -0.00098118  0.00000000
  0.00000000  0.00000000    0.00098118  0.00000000   -0.01852383  0.00000000
    2    9
 -0.00003215  0.00000000    0.00000000  0.00000000    0.00000000  0.00000000
  0.00000000  0.00000000    0.00146164  0.00000000    0.00144753  0.00000000
  0.00000000  0.00000000    0.01145060  0.00000000   -0.00319294  0.00000000
    2   10
 -0.02224206  0.00000000    0.00000000  0.00000000    0.00000000  0.00000000
  0.00000000  0.00000000   -0.01500916  0.00000000    0.00988992  0.00000000
  0.00000000  0.00000000    0.00238519  0.00000000    0.02288372  0.00000000
    2   11
  0.00188325  0.00000000   -0.00110337  0.00000000    0.00804994  0.00000000
 -0.00001446  0.00000000   -0.00061628  0.00000000   -0.00520090  0.00000000
  0.01299849  0.00000000   -0.00596019  0.00000000   -0.00120915  0.00000000
    2   12
  0.00188325  0.00000000    0.00110337  0.00000000   -0.00804994  0.00000000
  0.00001446  0.00000000   -0.00061628  0.00000000   -0.00520090  0.00000000
 -0.01299849  0.00000000   -0.00596019  0.00000000   -0.00120915  0.00000000
    3    1
 -0.03661595  0.00000000    0.00000000  0.00000000    0.00000000  0.00000000
  0.00000000  0.00000000   -0.69431116  0.00000000   -0.21956619  0.00000000
  0.00000000  0.00000000   -0.13328502  0.00000000   -0.15327307  0.00000000
    3    2
 -0.00264998  0.00000000    0.00000000  0.00000000    0.00000000  0.00000000
  0.00000000  0.00000000    0.00430259  0.00000000   -0.00149252  0.00000000
  0.00000000  0.00000000   -0.07916832  0.00000000   -0.02317079  0.00000000
    3    3
  0.05733119  0.00000000    0.00000000  0.00000000    0.00000000  0.00000000
  0.00000000  0.00000000    0.68014870  0.00000000    0.19348812  0.00000000
  0.00000000  0.00000000    0.19348812  0.00000000    0.18217403  0.00000000
    3    4
 -0.03032529  0.00000000    0.00000000  0.00000000    0.00000000  0.00000000
  0.00000000  0.00000000    0.03614636  0.00000000    0.00668949  0.00000000
  0.00000000  0.00000000    0.01120224  0.00000000   -0.01987164  0.00000000
    3    5
  0.00590742  0.00000000    0.01215442  0.00000000    0.00928815  0.00000000
  0.02252226  0.00000000   -0.01338898  0.00000000    0.00943619  0.00000000
  0.01393639  0.00000000    0.00324371  0.00000000    0.00912762  0.00000000
    3    6
  0.00590742  0.00000000   -0.01215442  0.00000000   -0.00928815  0.00000000
 -0.02252226  0.00000000   -0.01338898  0.00000000    0.00943619  0.00000000
 -0.01393639  0.00000000    0.00324371  0.00000000    0.00912762  0.00000000
    3    7
 -0.00025004  0.00000000    0.00000000  0.00000000    0.00000000  0.00000000
  0.00000000  0.00000000   -0.00105047  0.00000000    0.00770796  0.00000000
  0.00000000  0.00000000    0.00024329  0.00000000    0.00381879  0.00000000
    3    8
 -0.00003215  0.00000000    0.00000000  0.00000000    0.00000000  0.00000000
  0.00000000  0.00000000    0.00146164  0.00000000   -0.01145060  0.00000000
  0.00000000  0.00000000   -0.00144753  0.00000000   -0.00319294  0.00000000
    3    9
  0.00045038  0.00000000    0.00000000  0.00000000    0.00000000  0.00000000
  0.00000000  0.00000000    0.00267053  0.00000000   -0.00085906  0.00000000
  0.00000000  0.00000000    0.00085906  0.00000000   -0.00283766  0.00000000
    3   10
  0.00002824  0.00000000    0.00000000  0.00000000    0.00000000  0.00000000
  0.00000000  0.00000000   -0.00034843  0.00000000    0.00911667  0.00000000
  0.00000000  0.00000000    0.00170580  0.00000000    0.00100953  0.00000000
    3   11
  0.00012765  0.00000000    0.00028088  0.00000000   -0.00031213  0.00000000
  0.00218601  0.00000000   -0.00112273  0.00000000   -0.00125060  0.00000000
  0.00097593  0.00000000   -0.00004314  0.00000000   -0.00146036  0.00000000
    3   12
  0.00012765  0.00000000   -0.00028088  0.00000000    0.00031213  0.00000000
 -0.00218601  0.00000000   -0.00112273  0.00000000   -0.00125060  0.00000000
 -0.00097593  0.00000000   -0.00004314  0.00000000   -0.00146036  0.00000000
    4    1
 -0.05246602  0.00000000    0.00000000  0.00000000    0.00000000  0.00000000
  0.00000000  0.00000000   -0.05604999  0.00000000    0.00126754  0.00000000
  0.00000000  0.00000000    0.00384067  0.00000000    0.00531880  0.00000000
    4    2
 -0.00686957  0.00000000    0.00000000  0.00000000    0.00000000  0.00000000
  0.00000000  0.00000000   -0.00597332  0.00000000   -0.00154107  0.00000000
  0.00000000  0.00000000    0.00072788  0.00000000    0.01675301  0.00000000
    4    3
 -0.03032529  0.00000000    0.00000000  0.00000000    0.00000000  0.00000000
  0.00000000  0.00000000    0.03614636  0.00000000    0.01120224  0.00000000
  0.00000000  0.00000000    0.00668949  0.00000000   -0.01987164  0.00000000
    4    4
  1.09973525  0.00000000    0.00000000  0.00000000    0.00000000  0.00000000
  0.00000000  0.00000000    0.52423051  0.00000000   -0.30198584  0.00000000
  0.00000000  0.00000000   -0.30198584  0.00000000    0.30880816  0.00000000
    4    5
 -0.49851998  0.00000000    0.28949389  0.00000000   -0.20108710  0.00000000
  0.22420386  0.00000000   -0.24558108  0.00000000    0.14448608  0.00000000
 -0.16185498  0.00000000    0.14790253  0.00000000   -0.14049449  0.00000000
    4    6
 -0.49851998  0.00000000   -0.28949389  0.00000000    0.20108710  0.00000000
 -0.22420386  0.00000000   -0.24558108  0.00000000    0.14448608  0.00000000
  0.16185498  0.00000000    0.14790253  0.00000000   -0.14049449  0.00000000
    4    7
  0.00979269  0.00000000    0.00000000  0.00000000    0.00000000  0.00000000
  0.00000000  0.00000000    0.00880203  0.00000000    0.00563334  0.00000000
  0.00000000  0.00000000    0.00742547  0.00000000   -0.05008078  0.00000000
    4    8
 -0.02224206  0.00000000    0.00000000  0.00000000    0.00000000  0.00000000
  0.00000000  0.00000000   -0.01500916  0.00000000   -0.00238519  0.00000000
  0.00000000  0.00000000   -0.00988992  0.00000000    0.02288372  0.00000000
    4    9
  0.00002824  0.00000000    0.00000000  0.00000000    0.00000000  0.00000000
  0.00000000  0.00000000   -0.00034843  0.00000000   -0.00170580  0.00000000
  0.00000000  0.00000000   -0.00911667  0.00000000    0.00100953  0.00000000
    4   10
  0.00122338  0.00000000    0.00000000  0.00000000    0.00000000  0.00000000
  0.00000000  0.00000000    0.00093575  0.00000000   -0.00036392  0.00000000
  0.00000000  0.00000000    0.00036392  0.00000000   -0.01327601  0.00000000
    4   11
 -0.00035799  0.00000000    0.00014434  0.00000000   -0.00044370  0.00000000
  0.00012589  0.00000000   -0.00037272  0.00000000    0.00044958  0.00000000
 -0.00601173  0.00000000    0.00310086  0.00000000    0.00430237  0.00000000
    4   12
 -0.00035799  0.00000000   -0.00014434  0.00000000    0.00044370  0.00000000
 -0.00012589  0.00000000   -0.00037272  0.00000000    0.00044958  0.00000000
  0.00601173  0.00000000    0.00310086  0.00000000    0.00430237  0.00000000
    5    1
  0.01518917  0.00000000   -0.02463123  0.00000000    0.00746046  0.00000000
 -0.02608261  0.00000000   -0.00735068  0.00000000   -0.01097498  0.00000000
  0.01525625  0.00000000   -0.01462882  0.00000000   -0.01893187  0.00000000
    5    2
  0.00366979  0.00000000   -0.00485011  0.00000000   -0.01034379  0.00000000
 -0.00329675  0.00000000    0.00127912  0.00000000    0.00671174  0.00000000
 -0.00639984  0.00000000    0.00342806  0.00000000   -0.00550035  0.00000000
    5    3
  0.00590742  0.00000000    0.02252226  0.00000000    0.01393639  0.00000000
  0.01215442  0.00000000   -0.01338898  0.00000000    0.00324371  0.00000000
  0.00928815  0.00000000    0.00943619  0.00000000    0.00912762  0.00000000
    5    4
 -0.49851998  0.00000000    0.22420386  0.00000000   -0.16185498  0.00000000
  0.28949389  0.00000000   -0.24558108  0.00000000    0.14790253  0.00000000
 -0.20108710  0.00000000    0.14448608  0.00000000   -0.14049449  0.00000000
    5    5
  0.53540664  0.00000000   -0.24470236  0.00000000    0.16968700  0.00000000
 -0.24470236  0.00000000    0.23932089  0.00000000   -0.12601244  0.00000000
  0.16968700  0.00000000   -0.12601244  0.00000000    0.14518892  0.00000000
    5    6
 -0.06266953  0.00000000    0.02716741  0.00000000   -0.01850636  0.00000000
 -0.02716741  0.00000000    0.02610623  0.00000000   -0.01994677  0.00000000
  0.01850636  0.00000000   -0.01994677  0.00000000    0.01315608  0.00000000
    5    7
 -0.00076010  0.00000000   -0.00027012  0.00000000    0.00913092  0.00000000
  0.00026153  0.00000000    0.00033245  0.00000000   -0.00455498  0.00000000
  0.00219381  0.00000000   -0.00202708  0.00000000    0.00027342  0.00000000
    5    8
  0.00188325  0.00000000   -0.00001446  0.00000000   -0.01299849  0.00000000
 -0.00110337  0.00000000   -0.00061628  0.00000000    0.00596019  0.00000000
 -0.00804994  0.00000000    0.00520090  0.00000000   -0.00120915  0.00000000
    5    9
  0.00012765  0.00000000    0.00218601  0.00000000   -0.00097593  0.00000000
  0.00028088  0.00000000   -0.00112273  0.00000000    0.00004314  0.00000000
  0.00031213  0.00000000    0.00125060  0.00000000   -0.00146036  0.00000000
    5   10
 -0.00035799  0.00000000    0.00012589  0.00000000    0.00601173  0.00000000
  0.00014434  0.00000000   -0.00037272  0.00000000   -0.00310086  0.00000000
  0.00044370  0.00000000   -0.00044958  0.00000000    0.00430237  0.00000000
    5   11
  0.00208328  0.00000000   -0.00085704  0.00000000   -0.00069785  0.00000000
 -0.00085704  0.00000000    0.00080850  0.00000000    0.00017299  0.00000000
  0.00069785  0.00000000   -0.00017299  0.00000000   -0.00279979  0.00000000
    5   12
 -0.00195584  0.00000000   -0.00087986  0.00000000   -0.00085174  0.00000000
  0.00087986  0.00000000    0.00058674  0.00000000    0.00056182  0.00000000
 -0.00085174  0.00000000   -0.00056182  0.00000000   -0.00165287  0.00000000
    6    1
  0.01518917  0.00000000    0.02463123  0.00000000   -0.00746046  0.00000000
  0.02608261  0.00000000   -0.00735068  0.00000000   -0.01097498  0.00000000
 -0.01525625  0.00000000   -0.01462882  0.00000000   -0.01893187  0.00000000
    6    2
  0.00366979  0.00000000    0.00485011  0.00000000    0.01034379  0.00000000
  0.00329675  0.00000000    0.00127912  0.00000000    0.00671174  0.00000000
  0.00639984  0.00000000    0.00342806  0.00000000   -0.00550035  0.00000000
    6    3
  0.00590742  0.00000000   -0.02252226  0.00000000   -0.01393639  0.00000000
 -0.01215442  0.00000000   -0.01338898  0.00000000    0.00324371  0.00000000
 -0.00928815  0.00000000    0.00943619  0.00000000    0.00912762  0.00000000
    6    4
 -0.49851998  0.00000000   -0.22420386  0.00000000    0.16185498  0.00000000
 -0.28949389  0.00000000   -0.24558108  0.00000000    0.14790253  0.00000000
  0.20108710  0.00000000    0.14448608  0.00000000   -0.14049449  0.00000000
    6    5
 -0.06266953  0.00000000   -0.02716741  0.00000000    0.01850636  0.00000000
  0.02716741  0.00000000    0.02610623  0.00000000   -0.01994677  0.00000000
 -0.01850636  0.00000000   -0.01994677  0.00000000    0.01315608  0.00000000
    6    6
  0.53540664  0.00000000    0.24470236  0.00000000   -0.16968700  0.00000000
  0.24470236  0.00000000    0.23932089  0.00000000   -0.12601244  0.00000000
 -0.16968700  0.00000000   -0.12601244  0.00000000    0.14518892  0.00000000
    6    7
 -0.00076010  0.00000000    0.00027012  0.00000000   -0.00913092  0.00000000
 -0.00026153  0.00000000    0.00033245  0.00000000   -0.00455498  0.00000000
 -0.00219381  0.00000000   -0.00202708  0.00000000    0.00027342  0.00000000
    6    8
  0.00188325  0.00000000    0.00001446  0.00000000    0.01299849  0.00000000
  0.00110337  0.00000000   -0.00061628  0.00000000    0.00596019  0.00000000
  0.00804994  0.00000000    0.00520090  0.00000000   -0.00120915  0.00000000
    6    9
  0.00012765  0.00000000   -0.00218601  0.00000000    0.00097593  0.00000000
 -0.00028088  0.00000000   -0.00112273  0.00000000    0.00004314  0.00000000
 -0.00031213  0.00000000    0.00125060  0.00000000   -0.00146036  0.00000000
    6   10
 -0.00035799  0.00000000   -0.00012589  0.00000000   -0.00601173  0.00000000
 -0.00014434  0.00000000   -0.00037272  0.00000000   -0.00310086  0.00000000
 -0.00044370  0.00000000   -0.00044958  0.00000000    0.00430237  0.00000000
    6   11
 -0.00195584  0.00000000    0.00087986  0.00000000    0.00085174  0.00000000
 -0.00087986  0.00000000    0.00058674  0.00000000    0.00056182  0.00000000
  0.00085174  0.00000000   -0.00056182  0.00000000   -0.00165287  0.00000000
    6   12
  0.00208328  0.00000000    0.00085704  0.00000000    0.00069785  0.00000000
  0.00085704  0.00000000    0.00080850  0.00000000    0.00017299  0.00000000
 -0.00069785  0.00000000   -0.00017299  0.00000000   -0.00279979  0.00000000
    7    1
  0.00092992  0.00000000    0.00000000  0.00000000    0.00000000  0.00000000
  0.00000000  0.00000000    0.00122091  0.00000000    0.00110624  0.00000000
  0.00000000  0.00000000   -0.00110624  0.00000000   -0.01319421  0.00000000
    7    2
 -0.00096674  0.00000000    0.00000000  0.00000000    0.00000000  0.00000000
  0.00000000  0.00000000   -0.00135011  0.00000000   -0.00148974  0.00000000
  0.00000000  0.00000000    0.00096501  0.00000000    0.01488248  0.00000000
    7    3
 -0.00025004  0.00000000    0.00000000  0.00000000    0.00000000  0.00000000
  0.00000000  0.00000000   -0.00105047  0.00000000    0.00024329  0.00000000
  0.00000000  0.00000000    0.00770796  0.00000000    0.00381879  0.00000000
    7    4
  0.00979269  0.00000000    0.00000000  0.00000000    0.00000000  0.00000000
  0.00000000  0.00000000    0.00880203  0.00000000    0.00742547  0.00000000
  0.00000000  0.00000000    0.00563334  0.00000000   -0.05008078  0.00000000
    7    5
 -0.00076010  0.00000000    0.00026153  0.00000000    0.00219381  0.00000000
 -0.00027012  0.00000000    0.00033245  0.00000000   -0.00202708  0.00000000
  0.00913092  0.00000000   -0.00455498  0.00000000    0.00027342  0.00000000
    7    6
 -0.00076010  0.00000000   -0.00026153  0.00000000   -0.00219381  0.00000000
  0.00027012  0.00000000    0.00033245  0.00000000   -0.00202708  0.00000000
 -0.00913092  0.00000000   -0.00455498  0.00000000    0.00027342  0.00000000
    7    7
  0.08683255  0.00000000    0.00000000  0.00000000    0.00000000  0.00000000
  0.00000000  0.00000000    0.85777243  0.00000000   -0.17721215  0.00000000
  0.00000000  0.00000000   -0.17721215  0.00000000    0.98812883  0.00000000
    7    8
 -0.03529661  0.00000000    0.00000000  0.00000000    0.00000000  0.00000000
  0.00000000  0.00000000   -0.09992703  0.00000000    0.01528731  0.00000000
  0.00000000  0.00000000   -0.06716733  0.00000000   -0.75920273  0.00000000
    7    9
 -0.03661595  0.00000000    0.00000000  0.00000000    0.00000000  0.00000000
  0.00000000  0.00000000   -0.69431116  0.00000000    0.13328502  0.00000000
  0.00000000  0.00000000    0.21956619  0.00000000   -0.15327307  0.00000000
    7   10
 -0.05246602  0.00000000    0.00000000  0.00000000    0.00000000  0.00000000
  0.00000000  0.00000000   -0.05604999  0.00000000   -0.00384067  0.00000000
  0.00000000  0.00000000   -0.00126754  0.00000000    0.00531880  0.00000000
    7   11
  0.01518917  0.00000000   -0.02608261  0.00000000   -0.01525625  0.00000000
 -0.02463123  0.00000000   -0.00735068  0.00000000    0.01462882  0.00000000
 -0.00746046  0.00000000    0.01097498  0.00000000   -0.01893187  0.00000000
    7   12
  0.01518917  0.00000000    0.02608261  0.00000000    0.01525625  0.00000000
  0.02463123  0.00000000   -0.00735068  0.00000000    0.01462882  0.00000000
  0.00746046  0.00000000    0.01097498  0.00000000   -0.01893187  0.00000000
    8    1
 -0.00096674  0.00000000    0.00000000  0.00000000    0.00000000  0.00000000
  0.00000000  0.00000000   -0.00135011  0.00000000   -0.00096501  0.00000000
  0.00000000  0.00000000    0.00148974  0.00000000    0.01488248  0.00000000
    8    2
  0.00042181  0.00000000    0.00000000  0.00000000    0.00000000  0.00000000
  0.00000000  0.00000000    0.00050174  0.00000000    0.00098118  0.00000000
  0.00000000  0.00000000   -0.00098118  0.00000000   -0.01852383  0.00000000
    8    3
 -0.00003215  0.00000000    0.00000000  0.00000000    0.00000000  0.00000000
  0.00000000  0.00000000    0.00146164  0.00000000   -0.00144753  0.00000000
  0.00000000  0.00000000   -0.01145060  0.00000000   -0.00319294  0.00000000
    8    4
 -0.02224206  0.00000000    0.00000000  0.00000000    0.00000000  0.00000000
  0.00000000  0.00000000   -0.01500916  0.00000000   -0.00988992  0.00000000
  0.00000000  0.00000000   -0.00238519  0.00000000    0.02288372  0.00000000
    8    5
  0.00188325  0.00000000   -0.00110337  0.00000000   -0.00804994  0.00000000
 -0.00001446  0.00000000   -0.00061628  0.00000000    0.00520090  0.00000000
 -0.01299849  0.00000000    0.00596019  0.00000000   -0.00120915  0.00000000
    8    6
  0.00188325  0.00000000    0.00110337  0.00000000    0.00804994  0.00000000
  0.00001446  0.00000000   -0.00061628  0.00000000    0.00520090  0.00000000
  0.01299849  0.00000000    0.00596019  0.00000000   -0.00120915  0.00000000
    8    7
 -0.03529661  0.00000000    0.00000000  0.00000000    0.00000000  0.00000000
  0.00000000  0.00000000   -0.09992703  0.00000000   -0.06716733  0.00000000
  0.00000000  0.00000000    0.01528731  0.00000000   -0.75920273  0.00000000
    8    8
  0.05653447  0.00000000    0.00000000  0.00000000    0.00000000  0.00000000
  0.00000000  0.00000000    0.11466661  0.00000000   -0.00349562  0.00000000
  0.00000000  0.00000000   -0.00349562  0.00000000    0.76300317  0.00000000
    8    9
 -0.00264998  0.00000000    0.00000000  0.00000000    0.00000000  0.00000000
  0.00000000  0.00000000    0.00430259  0.00000000    0.07916832  0.00000000
  0.00000000  0.00000000    0.00149252  0.00000000   -0.02317079  0.00000000
    8   10
 -0.00686957  0.00000000    0.00000000  0.00000000    0.00000000  0.00000000
  0.00000000  0.00000000   -0.00597332  0.00000000   -0.00072788  0.00000000
  0.00000000  0.00000000    0.00154107  0.00000000    0.01675301  0.00000000
    8   11
  0.00366979  0.00000000   -0.00329675  0.00000000    0.00639984  0.00000000
 -0.00485011  0.00000000    0.00127912  0.00000000   -0.00342806  0.00000000
  0.01034379  0.00000000   -0.00671174  0.00000000   -0.00550035  0.00000000
    8   12
  0.00366979  0.00000000    0.00329675  0.00000000   -0.00639984  0.00000000
  0.00485011  0.00000000    0.00127912  0.00000000   -0.00342806  0.00000000
 -0.01034379  0.00000000   -0.00671174  0.00000000   -0.00550035  0.00000000
    9    1
 -0.00025004  0.00000000    0.00000000  0.00000000    0.00000000  0.00000000
  0.00000000  0.00000000   -0.00105047  0.00000000   -0.00770796  0.00000000
  0.00000000  0.00000000   -0.00024329  0.00000000    0.00381879  0.00000000
    9    2
 -0.00003215  0.00000000    0.00000000  0.00000000    0.00000000  0.00000000
  0.00000000  0.00000000    0.00146164  0.00000000    0.01145060  0.00000000
  0.00000000  0.00000000    0.00144753  0.00000000   -0.00319294  0.00000000
    9    3
  0.00045038  0.00000000    0.00000000  0.00000000    0.00000000  0.00000000
  0.00000000  0.00000000    0.00267053  0.00000000    0.00085906  0.00000000
  0.00000000  0.00000000   -0.00085906  0.00000000   -0.00283766  0.00000000
    9    4
  0.00002824  0.00000000    0.00000000  0.00000000    0.00000000  0.00000000
  0.00000000  0.00000000   -0.00034843  0.00000000   -0.00911667  0.00000000
  0.00000000  0.00000000   -0.00170580  0.00000000    0.00100953  0.00000000
    9    5
  0.00012765  0.00000000    0.00028088  0.00000000    0.00031213  0.00000000
  0.00218601  0.00000000   -0.00112273  0.00000000    0.00125060  0.00000000
 -0.00097593  0.00000000    0.00004314  0.00000000   -0.00146036  0.00000000
    9    6
  0.00012765  0.00000000   -0.00028088  0.00000000   -0.00031213  0.00000000
 -0.00218601  0.00000000   -0.00112273  0.00000000    0.00125060  0.00000000
  0.00097593  0.00000000    0.00004314  0.00000000   -0.00146036  0.00000000
    9    7
 -0.03661595  0.00000000    0.00000000  0.00000000    0.00000000  0.00000000
  0.00000000  0.00000000   -0.69431116  0.00000000    0.21956619  0.00000000
  0.00000000  0.00000000    0.13328502  0.00000000   -0.15327307  0.00000000
    9    8
 -0.00264998  0.00000000    0.00000000  0.00000000    0.00000000  0.00000000
  0.00000000  0.00000000    0.00430259  0.00000000    0.00149252  0.00000000
  0.00000000  0.00000000    0.07916832  0.00000000   -0.02317079  0.00000000
    9    9
  0.05733119  0.00000000    0.00000000  0.00000000    0.00000000  0.00000000
  0.00000000  0.00000000    0.68014870  0.00000000   -0.19348812  0.00000000
  0.00000000  0.00000000   -0.19348812  0.00000000    0.18217403  0.00000000
    9   10
 -0.03032529  0.00000000    0.00000000  0.00000000    0.00000000  0.00000000
  0.00000000  0.00000000    0.03614636  0.00000000   -0.00668949  0.00000000
  0.00000000  0.00000000   -0.01120224  0.00000000   -0.01987164  0.00000000
    9   11
  0.00590742  0.00000000    0.01215442  0.00000000   -0.00928815  0.00000000
  0.02252226  0.00000000   -0.01338898  0.00000000   -0.00943619  0.00000000
 -0.01393639  0.00000000   -0.00324371  0.00000000    0.00912762  0.00000000
    9   12
  0.00590742  0.00000000   -0.01215442  0.00000000    0.00928815  0.00000000
 -0.02252226  0.00000000   -0.01338898  0.00000000   -0.00943619  0.00000000
  0.01393639  0.00000000   -0.00324371  0.00000000    0.00912762  0.00000000
   10    1
  0.00979269  0.00000000    0.00000000  0.00000000    0.00000000  0.00000000
  0.00000000  0.00000000    0.00880203  0.00000000   -0.00563334  0.00000000
  0.00000000  0.00000000   -0.00742547  0.00000000   -0.05008078  0.00000000
   10    2
 -0.02224206  0.00000000    0.00000000  0.00000000    0.00000000  0.00000000
  0.00000000  0.00000000   -0.01500916  0.00000000    0.00238519  0.00000000
  0.00000000  0.00000000    0.00988992  0.00000000    0.02288372  0.00000000
   10    3
  0.00002824  0.00000000    0.00000000  0.00000000    0.00000000  0.00000000
  0.00000000  0.00000000   -0.00034843  0.00000000    0.00170580  0.00000000
  0.00000000  0.00000000    0.00911667  0.00000000    0.00100953  0.00000000
   10    4
  0.00122338  0.00000000    0.00000000  0.00000000    0.00000000  0.00000000
  0.00000000  0.00000000    0.00093575  0.00000000    0.00036392  0.00000000
  0.00000000  0.00000000   -0.00036392  0.00000000   -0.01327601  0.00000000
   10    5
 -0.00035799  0.00000000    0.00014434  0.00000000    0.00044370  0.00000000
  0.00012589  0.00000000   -0.00037272  0.00000000   -0.00044958  0.00000000
  0.00601173  0.00000000   -0.00310086  0.00000000    0.00430237  0.00000000
   10    6
 -0.00035799  0.00000000   -0.00014434  0.00000000   -0.00044370  0.00000000
 -0.00012589  0.00000000   -0.00037272  0.00000000   -0.00044958  0.00000000
 -0.00601173  0.00000000   -0.00310086  0.00000000    0.00430237  0.00000000
   10    7
 -0.05246602  0.00000000    0.00000000  0.00000000    0.00000000  0.00000000
  0.00000000  0.00000000   -0.05604999  0.00000000   -0.00126754  0.00000000
  0.00000000  0.00000000   -0.00384067  0.00000000    0.00531880  0.00000000
   10    8
 -0.00686957  0.00000000    0.00000000  0.00000000    0.00000000  0.00000000
  0.00000000  0.00000000   -0.00597332  0.00000000    0.00154107  0.00000000
  0.00000000  0.00000000   -0.00072788  0.00000000    0.01675301  0.00000000
   10    9
 -0.03032529  0.00000000    0.00000000  0.00000000    0.00000000  0.00000000
  0.00000000  0.00000000    0.03614636  0.00000000   -0.01120224  0.00000000
  0.00000000  0.00000000   -0.00668949  0.00000000   -0.01987164  0.00000000
   10   10
  1.09973525  0.00000000    0.00000000  0.00000000    0.00000000  0.00000000
  0.00000000  0.00000000    0.52423051  0.00000000    0.30198584  0.00000000
  0.00000000  0.00000000    0.30198584  0.00000000    0.30880816  0.00000000
   10   11
 -0.49851998  0.00000000    0.28949389  0.00000000    0.20108710  0.00000000
  0.22420386  0.00000000   -0.24558108  0.00000000   -0.14448608  0.00000000
  0.16185498  0.00000000   -0.14790253  0.00000000   -0.14049449  0.00000000
   10   12
 -0.49851998  0.00000000   -0.28949389  0.00000000   -0.20108710  0.00000000
 -0.22420386  0.00000000   -0.24558108  0.00000000   -0.14448608  0.00000000
 -0.16185498  0.00000000   -0.14790253  0.00000000   -0.14049449  0.00000000
   11    1
 -0.00076010  0.00000000   -0.00027012  0.00000000   -0.00913092  0.00000000
  0.00026153  0.00000000    0.00033245  0.00000000    0.00455498  0.00000000
 -0.00219381  0.00000000    0.00202708  0.00000000    0.00027342  0.00000000
   11    2
  0.00188325  0.00000000   -0.00001446  0.00000000    0.01299849  0.00000000
 -0.00110337  0.00000000   -0.00061628  0.00000000   -0.00596019  0.00000000
  0.00804994  0.00000000   -0.00520090  0.00000000   -0.00120915  0.00000000
   11    3
  0.00012765  0.00000000    0.00218601  0.00000000    0.00097593  0.00000000
  0.00028088  0.00000000   -0.00112273  0.00000000   -0.00004314  0.00000000
 -0.00031213  0.00000000   -0.00125060  0.00000000   -0.00146036  0.00000000
   11    4
 -0.00035799  0.00000000    0.00012589  0.00000000   -0.00601173  0.00000000
  0.00014434  0.00000000   -0.00037272  0.00000000    0.00310086  0.00000000
 -0.00044370  0.00000000    0.00044958  0.00000000    0.00430237  0.00000000
   11    5
  0.00208328  0.00000000   -0.00085704  0.00000000    0.00069785  0.00000000
 -0.00085704  0.00000000    0.00080850  0.00000000   -0.00017299  0.00000000
 -0.00069785  0.00000000    0.00017299  0.00000000   -0.00279979  0.00000000
   11    6
 -0.00195584  0.00000000   -0.00087986  0.00000000    0.00085174  0.00000000
  0.00087986  0.00000000    0.00058674  0.00000000   -0.00056182  0.00000000
  0.00085174  0.00000000    0.00056182  0.00000000   -0.00165287  0.00000000
   11    7
  0.01518917  0.00000000   -0.02463123  0.00000000   -0.00746046  0.00000000
 -0.02608261  0.00000000   -0.00735068  0.00000000    0.01097498  0.00000000
 -0.01525625  0.00000000    0.01462882  0.00000000   -0.01893187  0.00000000
   11    8
  0.00366979  0.00000000   -0.00485011  0.00000000    0.01034379  0.00000000
 -0.00329675  0.00000000    0.00127912  0.00000000   -0.00671174  0.00000000
  0.00639984  0.00000000   -0.00342806  0.00000000   -0.00550035  0.00000000
   11    9
  0.00590742  0.00000000    0.02252226  0.00000000   -0.01393639  0.00000000
  0.01215442  0.00000000   -0.01338898  0.00000000   -0.00324371  0.00000000
 -0.00928815  0.00000000   -0.00943619  0.00000000    0.00912762  0.00000000
   11   10
 -0.49851998  0.00000000    0.22420386  0.00000000    0.16185498  0.00000000
  0.28949389  0.00000000   -0.24558108  0.00000000   -0.14790253  0.00000000
  0.20108710  0.00000000   -0.14448608  0.00000000   -0.14049449  0.00000000
   11   11
  0.53540664  0.00000000   -0.24470236  0.00000000   -0.16968700  0.00000000
 -0.24470236  0.00000000    0.23932089  0.00000000    0.12601244  0.00000000
 -0.16968700  0.00000000    0.12601244  0.00000000    0.14518892  0.00000000
   11   12
 -0.06266953  0.00000000    0.02716741  0.00000000    0.01850636  0.00000000
 -0.02716741  0.00000000    0.02610623  0.00000000    0.01994677  0.00000000
 -0.01850636  0.00000000    0.01994677  0.00000000    0.01315608  0.00000000
   12    1
 -0.00076010  0.00000000    0.00027012  0.00000000    0.00913092  0.00000000
 -0.00026153  0.00000000    0.00033245  0.00000000    0.00455498  0.00000000
  0.00219381  0.00000000    0.00202708  0.00000000    0.00027342  0.00000000
   12    2
  0.00188325  0.00000000    0.00001446  0.00000000   -0.01299849  0.00000000
  0.00110337  0.00000000   -0.00061628  0.00000000   -0.00596019  0.00000000
 -0.00804994  0.00000000   -0.00520090  0.00000000   -0.00120915  0.00000000
   12    3
  0.00012765  0.00000000   -0.00218601  0.00000000   -0.00097593  0.00000000
 -0.00028088  0.00000000   -0.00112273  0.00000000   -0.00004314  0.00000000
  0.00031213  0.00000000   -0.00125060  0.00000000   -0.00146036  0.00000000
   12    4
 -0.00035799  0.00000000   -0.00012589  0.00000000    0.00601173  0.00000000
 -0.00014434  0.00000000   -0.00037272  0.00000000    0.00310086  0.00000000
  0.00044370  0.00000000    0.00044958  0.00000000    0.00430237  0.00000000
   12    5
 -0.00195584  0.00000000    0.00087986  0.00000000   -0.00085174  0.00000000
 -0.00087986  0.00000000    0.00058674  0.00000000   -0.00056182  0.00000000
 -0.00085174  0.00000000    0.00056182  0.00000000   -0.00165287  0.00000000
   12    6
  0.00208328  0.00000000    0.00085704  0.00000000   -0.00069785  0.00000000
  0.00085704  0.00000000    0.00080850  0.00000000   -0.00017299  0.00000000
  0.00069785  0.00000000    0.00017299  0.00000000   -0.00279979  0.00000000
   12    7
  0.01518917  0.00000000    0.02463123  0.00000000    0.00746046  0.00000000
  0.02608261  0.00000000   -0.00735068  0.00000000    0.01097498  0.00000000
  0.01525625  0.00000000    0.01462882  0.00000000   -0.01893187  0.00000000
   12    8
  0.00366979  0.00000000    0.00485011  0.00000000   -0.01034379  0.00000000
  0.00329675  0.00000000    0.00127912  0.00000000   -0.00671174  0.00000000
 -0.00639984  0.00000000   -0.00342806  0.00000000   -0.00550035  0.00000000
   12    9
  0.00590742  0.00000000   -0.02252226  0.00000000    0.01393639  0.00000000
 -0.01215442  0.00000000   -0.01338898  0.00000000   -0.00324371  0.00000000
  0.00928815  0.00000000   -0.00943619  0.00000000    0.00912762  0.00000000
   12   10
 -0.49851998  0.00000000   -0.22420386  0.00000000   -0.16185498  0.00000000
 -0.28949389  0.00000000   -0.24558108  0.00000000   -0.14790253  0.00000000
 -0.20108710  0.00000000   -0.14448608  0.00000000   -0.14049449  0.00000000
   12   11
 -0.06266953  0.00000000   -0.02716741  0.00000000   -0.01850636  0.00000000
  0.02716741  0.00000000    0.02610623  0.00000000    0.01994677  0.00000000
  0.01850636  0.00000000    0.01994677  0.00000000    0.01315608  0.00000000
   12   12
  0.53540664  0.00000000    0.24470236  0.00000000    0.16968700  0.00000000
  0.24470236  0.00000000    0.23932089  0.00000000    0.12601244  0.00000000
  0.16968700  0.00000000    0.12601244  0.00000000    0.14518892  0.00000000

     Diagonalizing the dynamical matrix

     q = (    0.000000000   0.000000000   0.000000000 ) 

 **************************************************************************
     freq (    1) =      -0.760606 [THz] =     -25.371071 [cm-1]
 ( -0.000000  0.000000  0.000050  0.000000 -0.288794  0.000000 ) 
 ( -0.000000  0.000000  0.000128  0.000000 -0.288766  0.000000 ) 
 ( -0.000000  0.000000  0.000013  0.000000 -0.288663  0.000000 ) 
 ( -0.000000  0.000000 -0.000029  0.000000 -0.288738  0.000000 ) 
 ( -0.000010  0.000000  0.000076  0.000000 -0.288545  0.000000 ) 
 (  0.000010  0.000000  0.000076  0.000000 -0.288545  0.000000 ) 
 (  0.000000  0.000000 -0.000050  0.000000 -0.288794  0.000000 ) 
 (  0.000000  0.000000 -0.000128  0.000000 -0.288766  0.000000 ) 
 (  0.000000  0.000000 -0.000013  0.000000 -0.288663  0.000000 ) 
 (  0.000000  0.000000  0.000029  0.000000 -0.288738  0.000000 ) 
 (  0.000010  0.000000 -0.000076  0.000000 -0.288545  0.000000 ) 
 ( -0.000010  0.000000 -0.000076  0.000000 -0.288545  0.000000 ) 
     freq (    2) =       0.790027 [THz] =      26.352448 [cm-1]
 (  0.000000  0.000000 -0.288376  0.000000  0.000161  0.000000 ) 
 (  0.000000  0.000000 -0.288635  0.000000  0.000173  0.000000 ) 
 (  0.000000  0.000000 -0.288380  0.000000  0.000101  0.000000 ) 
 (  0.000000  0.000000 -0.288855  0.000000  0.000313  0.000000 ) 
 (  0.000004  0.000000 -0.288902  0.000000  0.000260  0.000000 ) 
 ( -0.000004  0.000000 -0.288902  0.000000  0.000260  0.000000 ) 
 (  0.000000  0.000000 -0.288376  0.000000 -0.000161  0.000000 ) 
 (  0.000000  0.000000 -0.288635  0.000000 -0.000173  0.000000 ) 
 (  0.000000  0.000000 -0.288380  0.000000 -0.000101  0.000000 ) 
 (  0.000000  0.000000 -0.288855  0.000000 -0.000313  0.000000 ) 
 (  0.000004  0.000000 -0.288902  0.000000 -0.000260  0.000000 ) 
 ( -0.000004  0.000000 -0.288902  0.000000 -0.000260  0.000000 ) 
     freq (    3) =       0.803176 [THz] =      26.791064 [cm-1]
 (  0.289200  0.000000  0.000000  0.000000 -0.000000  0.000000 ) 
 (  0.289032  0.000000  0.000000  0.000000 -0.000000  0.000000 ) 
 (  0.289023  0.000000  0.000000  0.000000  0.000000  0.000000 ) 
 (  0.288151  0.000000  0.000000  0.000000 -0.000000  0.000000 ) 
 (  0.288322  0.000000  0.000225  0.000000 -0.000160  0.000000 ) 
 (  0.288322  0.000000 -0.000225  0.000000  0.000160  0.000000 ) 
 (  0.289200  0.000000  0.000000  0.000000 -0.000000  0.000000 ) 
 (  0.289032  0.000000  0.000000  0.000000 -0.000000  0.000000 ) 
 (  0.289023  0.000000  0.000000  0.000000  0.000000  0.000000 ) 
 (  0.288151  0.000000  0.000000  0.000000  0.000000  0.000000 ) 
 (  0.288322  0.000000  0.000225  0.000000  0.000160  0.000000 ) 
 (  0.288322  0.000000 -0.000225  0.000000 -0.000160  0.000000 ) 
     freq (    4) =       2.061931 [THz] =      68.778600 [cm-1]
 ( -0.309699  0.000000 -0.000000  0.000000  0.000000  0.000000 ) 
 ( -0.108834  0.000000 -0.000000  0.000000  0.000000  0.000000 ) 
 ( -0.314965  0.000000 -0.000000  0.000000  0.000000  0.000000 ) 
 ( -0.290461  0.000000 -0.000000  0.000000  0.000000  0.000000 ) 
 ( -0.316941  0.000000 -0.000720  0.000000  0.062314  0.000000 ) 
 ( -0.316941  0.000000  0.000720  0.000000 -0.062314  0.000000 ) 
 (  0.309699  0.000000  0.000000  0.000000  0.000000  0.000000 ) 
 (  0.108834  0.000000  0.000000  0.000000  0.000000  0.000000 ) 
 (  0.314965  0.000000  0.000000  0.000000  0.000000  0.000000 ) 
 (  0.290461  0.000000  0.000000  0.000000  0.000000  0.000000 ) 
 (  0.316941  0.000000  0.000720  0.000000  0.062314  0.000000 ) 
 (  0.316941  0.000000 -0.000720  0.000000 -0.062314  0.000000 ) 
     freq (    5) =       2.154594 [THz] =      71.869528 [cm-1]
 ( -0.000000  0.000000  0.294803  0.000000  0.007923  0.000000 ) 
 ( -0.000000  0.000000  0.154637  0.000000  0.007383  0.000000 ) 
 ( -0.000000  0.000000  0.322544  0.000000 -0.082438  0.000000 ) 
 ( -0.000000  0.000000  0.286569  0.000000 -0.007275  0.000000 ) 
 ( -0.000945  0.000000  0.311383  0.000000  0.032675  0.000000 ) 
 (  0.000945  0.000000  0.311383  0.000000  0.032675  0.000000 ) 
 (  0.000000  0.000000 -0.294803  0.000000  0.007923  0.000000 ) 
 (  0.000000  0.000000 -0.154637  0.000000  0.007383  0.000000 ) 
 (  0.000000  0.000000 -0.322544  0.000000 -0.082438  0.000000 ) 
 (  0.000000  0.000000 -0.286569  0.000000 -0.007275  0.000000 ) 
 (  0.000945  0.000000 -0.311383  0.000000  0.032675  0.000000 ) 
 ( -0.000945  0.000000 -0.311383  0.000000  0.032675  0.000000 ) 
     freq (    6) =       5.178337 [THz] =     172.730724 [cm-1]
 ( -0.000000  0.000000  0.048206  0.000000  0.355960  0.000000 ) 
 (  0.000000  0.000000 -0.032995  0.000000  0.355342  0.000000 ) 
 (  0.000000  0.000000  0.105790  0.000000  0.238407  0.000000 ) 
 ( -0.000000  0.000000 -0.058646  0.000000 -0.344829  0.000000 ) 
 ( -0.027728  0.000000  0.045767  0.000000 -0.154125  0.000000 ) 
 (  0.027728  0.000000  0.045767  0.000000 -0.154125  0.000000 ) 
 ( -0.000000  0.000000  0.048206  0.000000 -0.355960  0.000000 ) 
 ( -0.000000  0.000000 -0.032995  0.000000 -0.355342  0.000000 ) 
 ( -0.000000  0.000000  0.105790  0.000000 -0.238407  0.000000 ) 
 (  0.000000  0.000000 -0.058646  0.000000  0.344829  0.000000 ) 
 ( -0.027728  0.000000  0.045767  0.000000  0.154125  0.000000 ) 
 (  0.027728  0.000000  0.045767  0.000000  0.154125  0.000000 ) 
     freq (    7) =       6.282448 [THz] =     209.559925 [cm-1]
 (  0.319580  0.000000 -0.000000  0.000000 -0.000000  0.000000 ) 
 (  0.336430  0.000000 -0.000000  0.000000 -0.000000  0.000000 ) 
 (  0.093639  0.000000 -0.000000  0.000000 -0.000000  0.000000 ) 
 ( -0.320042  0.000000  0.000000  0.000000  0.000000  0.000000 ) 
 ( -0.269538  0.000000  0.093162  0.000000 -0.073581  0.000000 ) 
 ( -0.269538  0.000000 -0.093162  0.000000  0.073581  0.000000 ) 
 ( -0.319580  0.000000  0.000000  0.000000 -0.000000  0.000000 ) 
 ( -0.336430  0.000000  0.000000  0.000000 -0.000000  0.000000 ) 
 ( -0.093639  0.000000  0.000000  0.000000 -0.000000  0.000000 ) 
 (  0.320042  0.000000 -0.000000  0.000000  0.000000  0.000000 ) 
 (  0.269538  0.000000 -0.093162  0.000000 -0.073581  0.000000 ) 
 (  0.269538  0.000000  0.093162  0.000000  0.073581  0.000000 ) 
     freq (    8) =       6.608061 [THz] =     220.421185 [cm-1]
 (  0.000000  0.000000  0.202149  0.000000  0.246417  0.000000 ) 
 (  0.000000  0.000000  0.228868  0.000000  0.278338  0.000000 ) 
 (  0.000000  0.000000  0.238840  0.000000  0.238075  0.000000 ) 
 ( -0.000000  0.000000 -0.228411  0.000000 -0.268964  0.000000 ) 
 (  0.002170  0.000000 -0.094239  0.000000 -0.079224  0.000000 ) 
 ( -0.002170  0.000000 -0.094239  0.000000 -0.079224  0.000000 ) 
 ( -0.000000  0.000000 -0.202149  0.000000  0.246417  0.000000 ) 
 ( -0.000000  0.000000 -0.228868  0.000000  0.278338  0.000000 ) 
 ( -0.000000  0.000000 -0.238840  0.000000  0.238075  0.000000 ) 
 (  0.000000  0.000000  0.228411  0.000000 -0.268964  0.000000 ) 
 ( -0.002170  0.000000  0.094239  0.000000 -0.079224  0.000000 ) 
 (  0.002170  0.000000  0.094239  0.000000 -0.079224  0.000000 ) 
     freq (    9) =       6.735011 [THz] =     224.655796 [cm-1]
 ( -0.000000  0.000000  0.008651  0.000000 -0.281804  0.000000 ) 
 ( -0.000000  0.000000  0.006697  0.000000 -0.293046  0.000000 ) 
 ( -0.000000  0.000000  0.005759  0.000000 -0.273986  0.000000 ) 
 (  0.000000  0.000000 -0.010102  0.000000 -0.302536  0.000000 ) 
 (  0.000803  0.000000  0.001162  0.000000 -0.289703  0.000000 ) 
 ( -0.000803  0.000000  0.001162  0.000000 -0.289703  0.000000 ) 
 ( -0.000000  0.000000  0.008651  0.000000  0.281804  0.000000 ) 
 ( -0.000000  0.000000  0.006697  0.000000  0.293046  0.000000 ) 
 ( -0.000000  0.000000  0.005759  0.000000  0.273986  0.000000 ) 
 (  0.000000  0.000000 -0.010102  0.000000  0.302536  0.000000 ) 
 (  0.000803  0.000000  0.001162  0.000000  0.289703  0.000000 ) 
 ( -0.000803  0.000000  0.001162  0.000000  0.289703  0.000000 ) 
     freq (   10) =       6.812178 [THz] =     227.229784 [cm-1]
 (  0.374630  0.000000 -0.000000  0.000000 -0.000000  0.000000 ) 
 (  0.109078  0.000000 -0.000000  0.000000 -0.000000  0.000000 ) 
 (  0.109723  0.000000 -0.000000  0.000000 -0.000000  0.000000 ) 
 ( -0.351959  0.000000  0.000000  0.000000 -0.000000  0.000000 ) 
 ( -0.300386  0.000000  0.102332  0.000000 -0.072224  0.000000 ) 
 ( -0.300386  0.000000 -0.102332  0.000000  0.072224  0.000000 ) 
 (  0.374630  0.000000  0.000000  0.000000 -0.000000  0.000000 ) 
 (  0.109078  0.000000  0.000000  0.000000 -0.000000  0.000000 ) 
 (  0.109723  0.000000  0.000000  0.000000 -0.000000  0.000000 ) 
 ( -0.351959  0.000000 -0.000000  0.000000  0.000000  0.000000 ) 
 ( -0.300386  0.000000  0.102332  0.000000  0.072224  0.000000 ) 
 ( -0.300386  0.000000 -0.102332  0.000000 -0.072224  0.000000 ) 
     freq (   11) =       9.419345 [THz] =     314.195524 [cm-1]
 (  0.000000  0.000000 -0.234226  0.000000  0.201980  0.000000 ) 
 (  0.000000  0.000000 -0.304280  0.000000  0.200175  0.000000 ) 
 ( -0.000000  0.000000 -0.190078  0.000000  0.076827  0.000000 ) 
 ( -0.000000  0.000000  0.230036  0.000000 -0.198740  0.000000 ) 
 ( -0.029637  0.000000  0.201164  0.000000 -0.165149  0.000000 ) 
 (  0.029637  0.000000  0.201164  0.000000 -0.165149  0.000000 ) 
 ( -0.000000  0.000000  0.234226  0.000000  0.201980  0.000000 ) 
 ( -0.000000  0.000000  0.304280  0.000000  0.200175  0.000000 ) 
 (  0.000000  0.000000  0.190078  0.000000  0.076827  0.000000 ) 
 (  0.000000  0.000000 -0.230036  0.000000 -0.198740  0.000000 ) 
 (  0.029637  0.000000 -0.201164  0.000000 -0.165149  0.000000 ) 
 ( -0.029637  0.000000 -0.201164  0.000000 -0.165149  0.000000 ) 
     freq (   12) =       9.427784 [THz] =     314.477013 [cm-1]
 ( -0.000000  0.000000  0.322217  0.000000 -0.039608  0.000000 ) 
 (  0.000000  0.000000  0.204243  0.000000 -0.037250  0.000000 ) 
 ( -0.000000  0.000000  0.333716  0.000000 -0.049294  0.000000 ) 
 ( -0.000000  0.000000 -0.326408  0.000000  0.050479  0.000000 ) 
 (  0.028922  0.000000 -0.230770  0.000000  0.101083  0.000000 ) 
 ( -0.028922  0.000000 -0.230770  0.000000  0.101083  0.000000 ) 
 ( -0.000000  0.000000  0.322217  0.000000  0.039608  0.000000 ) 
 ( -0.000000  0.000000  0.204243  0.000000  0.037250  0.000000 ) 
 ( -0.000000  0.000000  0.333716  0.000000  0.049294  0.000000 ) 
 (  0.000000  0.000000 -0.326408  0.000000 -0.050479  0.000000 ) 
 (  0.028922  0.000000 -0.230770  0.000000 -0.101083  0.000000 ) 
 ( -0.028922  0.000000 -0.230770  0.000000 -0.101083  0.000000 ) 
     freq (   13) =      18.291237 [THz] =     610.129979 [cm-1]
 ( -0.009181  0.000000 -0.000000  0.000000 -0.000000  0.000000 ) 
 (  0.211724  0.000000  0.000000  0.000000 -0.000000  0.000000 ) 
 (  0.267139  0.000000 -0.000000  0.000000  0.000000  0.000000 ) 
 (  0.011335  0.000000  0.000000  0.000000  0.000000  0.000000 ) 
 ( -0.256491  0.000000 -0.306411  0.000000  0.179229  0.000000 ) 
 ( -0.256491  0.000000  0.306411  0.000000 -0.179229  0.000000 ) 
 ( -0.009181  0.000000 -0.000000  0.000000  0.000000  0.000000 ) 
 (  0.211724  0.000000  0.000000  0.000000  0.000000  0.000000 ) 
 (  0.267139  0.000000 -0.000000  0.000000 -0.000000  0.000000 ) 
 (  0.011335  0.000000  0.000000  0.000000 -0.000000  0.000000 ) 
 ( -0.256491  0.000000 -0.306411  0.000000 -0.179229  0.000000 ) 
 ( -0.256491  0.000000  0.306411  0.000000  0.179229  0.000000 ) 
     freq (   14) =      18.335295 [THz] =     611.599624 [cm-1]
 ( -0.000000  0.000000  0.006653  0.000000  0.009761  0.000000 ) 
 (  0.000000  0.000000 -0.437907  0.000000  0.001899  0.000000 ) 
 (  0.000000  0.000000  0.137087  0.000000 -0.413850  0.000000 ) 
 (  0.000000  0.000000 -0.005279  0.000000 -0.009579  0.000000 ) 
 (  0.001171  0.000000  0.139585  0.000000  0.198669  0.000000 ) 
 ( -0.001171  0.000000  0.139585  0.000000  0.198669  0.000000 ) 
 ( -0.000000  0.000000  0.006653  0.000000 -0.009761  0.000000 ) 
 (  0.000000  0.000000 -0.437907  0.000000 -0.001899  0.000000 ) 
 (  0.000000  0.000000  0.137087  0.000000  0.413850  0.000000 ) 
 (  0.000000  0.000000 -0.005279  0.000000  0.009579  0.000000 ) 
 (  0.001171  0.000000  0.139585  0.000000 -0.198669  0.000000 ) 
 ( -0.001171  0.000000  0.139585  0.000000 -0.198669  0.000000 ) 
     freq (   15) =      18.534307 [THz] =     618.237920 [cm-1]
 (  0.005203  0.000000 -0.000000  0.000000 -0.000000  0.000000 ) 
 (  0.007690  0.000000  0.000000  0.000000  0.000000  0.000000 ) 
 ( -0.382765  0.000000 -0.000000  0.000000  0.000000  0.000000 ) 
 ( -0.011096  0.000000  0.000000  0.000000  0.000000  0.000000 ) 
 (  0.222627  0.000000  0.355263  0.000000 -0.029423  0.000000 ) 
 (  0.222627  0.000000 -0.355263  0.000000  0.029423  0.000000 ) 
 ( -0.005203  0.000000 -0.000000  0.000000 -0.000000  0.000000 ) 
 ( -0.007690  0.000000  0.000000  0.000000 -0.000000  0.000000 ) 
 (  0.382765  0.000000 -0.000000  0.000000 -0.000000  0.000000 ) 
 (  0.011096  0.000000  0.000000  0.000000 -0.000000  0.000000 ) 
 ( -0.222627  0.000000 -0.355263  0.000000 -0.029423  0.000000 ) 
 ( -0.222627  0.000000  0.355263  0.000000  0.029423  0.000000 ) 
     freq (   16) =      19.052604 [THz] =     635.526449 [cm-1]
 (  0.000576  0.000000  0.000000  0.000000 -0.000000  0.000000 ) 
 ( -0.371161  0.000000  0.000000  0.000000 -0.000000  0.000000 ) 
 (  0.335098  0.000000  0.000000  0.000000  0.000000  0.000000 ) 
 ( -0.000795  0.000000  0.000000  0.000000 -0.000000  0.000000 ) 
 (  0.019772  0.000000 -0.177524  0.000000 -0.305071  0.000000 ) 
 (  0.019772  0.000000  0.177524  0.000000  0.305071  0.000000 ) 
 (  0.000576  0.000000  0.000000  0.000000  0.000000  0.000000 ) 
 ( -0.371161  0.000000  0.000000  0.000000  0.000000  0.000000 ) 
 (  0.335098  0.000000 -0.000000  0.000000 -0.000000  0.000000 ) 
 ( -0.000795  0.000000  0.000000  0.000000  0.000000  0.000000 ) 
 (  0.019772  0.000000 -0.177524  0.000000  0.305071  0.000000 ) 
 (  0.019772  0.000000  0.177524  0.000000 -0.305071  0.000000 ) 
     freq (   17) =      20.770270 [THz] =     692.821644 [cm-1]
 ( -0.000000  0.000000  0.007844  0.000000  0.015007  0.000000 ) 
 (  0.000000  0.000000 -0.450815  0.000000  0.003688  0.000000 ) 
 (  0.000000  0.000000  0.151460  0.000000 -0.448370  0.000000 ) 
 (  0.000000  0.000000 -0.028446  0.000000 -0.007068  0.000000 ) 
 (  0.007166  0.000000  0.101870  0.000000  0.159331  0.000000 ) 
 ( -0.007166  0.000000  0.101870  0.000000  0.159331  0.000000 ) 
 (  0.000000  0.000000 -0.007844  0.000000  0.015007  0.000000 ) 
 ( -0.000000  0.000000  0.450815  0.000000  0.003688  0.000000 ) 
 ( -0.000000  0.000000 -0.151460  0.000000 -0.448370  0.000000 ) 
 (  0.000000  0.000000  0.028446  0.000000 -0.007068  0.000000 ) 
 ( -0.007166  0.000000 -0.101870  0.000000  0.159331  0.000000 ) 
 (  0.007166  0.000000 -0.101870  0.000000  0.159331  0.000000 ) 
     freq (   18) =      22.852700 [THz] =     762.284019 [cm-1]
 (  0.030001  0.000000  0.000000  0.000000  0.000000  0.000000 ) 
 ( -0.082296  0.000000 -0.000000  0.000000  0.000000  0.000000 ) 
 ( -0.291548  0.000000  0.000000  0.000000 -0.000000  0.000000 ) 
 (  0.023788  0.000000  0.000000  0.000000  0.000000  0.000000 ) 
 ( -0.164054  0.000000 -0.016189  0.000000  0.419768  0.000000 ) 
 ( -0.164054  0.000000  0.016189  0.000000 -0.419768  0.000000 ) 
 ( -0.030001  0.000000 -0.000000  0.000000  0.000000  0.000000 ) 
 (  0.082296  0.000000  0.000000  0.000000  0.000000  0.000000 ) 
 (  0.291548  0.000000 -0.000000  0.000000 -0.000000  0.000000 ) 
 ( -0.023788  0.000000 -0.000000  0.000000  0.000000  0.000000 ) 
 (  0.164054  0.000000  0.016189  0.000000  0.419768  0.000000 ) 
 (  0.164054  0.000000 -0.016189  0.000000 -0.419768  0.000000 ) 
     freq (   19) =      26.171905 [THz] =     873.000794 [cm-1]
 (  0.028118  0.000000 -0.000000  0.000000 -0.000000  0.000000 ) 
 ( -0.699046  0.000000  0.000000  0.000000 -0.000000  0.000000 ) 
 (  0.008874  0.000000 -0.000000  0.000000 -0.000000  0.000000 ) 
 ( -0.017201  0.000000 -0.000000  0.000000 -0.000000  0.000000 ) 
 (  0.008845  0.000000 -0.006561  0.000000 -0.070450  0.000000 ) 
 (  0.008845  0.000000  0.006561  0.000000  0.070450  0.000000 ) 
 ( -0.028118  0.000000  0.000000  0.000000 -0.000000  0.000000 ) 
 (  0.699046  0.000000 -0.000000  0.000000 -0.000000  0.000000 ) 
 ( -0.008874  0.000000  0.000000  0.000000  0.000000  0.000000 ) 
 (  0.017201  0.000000  0.000000  0.000000 -0.000000  0.000000 ) 
 ( -0.008845  0.000000  0.006561  0.000000 -0.070450  0.000000 ) 
 ( -0.008845  0.000000 -0.006561  0.000000  0.070450  0.000000 ) 
     freq (   20) =      26.774617 [THz] =     893.105101 [cm-1]
 ( -0.000000  0.000000  0.023210  0.000000  0.021360  0.000000 ) 
 ( -0.000000  0.000000 -0.219470  0.000000  0.020938  0.000000 ) 
 (  0.000000  0.000000  0.078384  0.000000 -0.146989  0.000000 ) 
 ( -0.000000  0.000000  0.016665  0.000000  0.034170  0.000000 ) 
 (  0.003670  0.000000 -0.260179  0.000000 -0.378015  0.000000 ) 
 ( -0.003670  0.000000 -0.260179  0.000000 -0.378015  0.000000 ) 
 ( -0.000000  0.000000 -0.023210  0.000000  0.021360  0.000000 ) 
 (  0.000000  0.000000  0.219470  0.000000  0.020938  0.000000 ) 
 ( -0.000000  0.000000 -0.078384  0.000000 -0.146989  0.000000 ) 
 (  0.000000  0.000000 -0.016665  0.000000  0.034170  0.000000 ) 
 ( -0.003670  0.000000  0.260179  0.000000 -0.378015  0.000000 ) 
 (  0.003670  0.000000  0.260179  0.000000 -0.378015  0.000000 ) 
     freq (   21) =      28.253999 [THz] =     942.451957 [cm-1]
 (  0.040542  0.000000  0.000000  0.000000  0.000000  0.000000 ) 
 ( -0.451256  0.000000 -0.000000  0.000000  0.000000  0.000000 ) 
 ( -0.421399  0.000000  0.000000  0.000000 -0.000000  0.000000 ) 
 (  0.029833  0.000000  0.000000  0.000000  0.000000  0.000000 ) 
 ( -0.121680  0.000000 -0.162679  0.000000  0.129839  0.000000 ) 
 ( -0.121680  0.000000  0.162679  0.000000 -0.129839  0.000000 ) 
 (  0.040542  0.000000  0.000000  0.000000 -0.000000  0.000000 ) 
 ( -0.451256  0.000000 -0.000000  0.000000 -0.000000  0.000000 ) 
 ( -0.421399  0.000000  0.000000  0.000000  0.000000  0.000000 ) 
 (  0.029833  0.000000  0.000000  0.000000 -0.000000  0.000000 ) 
 ( -0.121680  0.000000 -0.162679  0.000000 -0.129839  0.000000 ) 
 ( -0.121680  0.000000  0.162679  0.000000  0.129839  0.000000 ) 
     freq (   22) =      29.538477 [THz] =     985.297534 [cm-1]
 (  0.000000  0.000000 -0.016468  0.000000 -0.022562  0.000000 ) 
 ( -0.000000  0.000000  0.253908  0.000000 -0.015813  0.000000 ) 
 ( -0.000000  0.000000 -0.096813  0.000000  0.213496  0.000000 ) 
 (  0.000000  0.000000 -0.025314  0.000000 -0.032140  0.000000 ) 
 (  0.003278  0.000000  0.252739  0.000000  0.353623  0.000000 ) 
 ( -0.003278  0.000000  0.252739  0.000000  0.353623  0.000000 ) 
 (  0.000000  0.000000 -0.016468  0.000000  0.022562  0.000000 ) 
 ( -0.000000  0.000000  0.253908  0.000000  0.015813  0.000000 ) 
 ( -0.000000  0.000000 -0.096813  0.000000 -0.213496  0.000000 ) 
 (  0.000000  0.000000 -0.025314  0.000000  0.032140  0.000000 ) 
 (  0.003278  0.000000  0.252739  0.000000 -0.353623  0.000000 ) 
 ( -0.003278  0.000000  0.252739  0.000000 -0.353623  0.000000 ) 
     freq (   23) =      30.761057 [THz] =    1026.078409 [cm-1]
 (  0.018837  0.000000  0.000000  0.000000  0.000000  0.000000 ) 
 (  0.047655  0.000000 -0.000000  0.000000  0.000000  0.000000 ) 
 ( -0.510004  0.000000  0.000000  0.000000 -0.000000  0.000000 ) 
 (  0.014679  0.000000  0.000000  0.000000  0.000000  0.000000 ) 
 ( -0.050112  0.000000 -0.260573  0.000000 -0.219357  0.000000 ) 
 ( -0.050112  0.000000  0.260573  0.000000  0.219357  0.000000 ) 
 ( -0.018837  0.000000  0.000000  0.000000 -0.000000  0.000000 ) 
 ( -0.047655  0.000000 -0.000000  0.000000 -0.000000  0.000000 ) 
 (  0.510004  0.000000  0.000000  0.000000  0.000000  0.000000 ) 
 ( -0.014679  0.000000  0.000000  0.000000 -0.000000  0.000000 ) 
 (  0.050112  0.000000  0.260573  0.000000 -0.219357  0.000000 ) 
 (  0.050112  0.000000 -0.260573  0.000000  0.219357  0.000000 ) 
     freq (   24) =      32.478218 [THz] =    1083.356751 [cm-1]
 (  0.001496  0.000000  0.000000  0.000000  0.000000  0.000000 ) 
 (  0.336100  0.000000  0.000000  0.000000  0.000000  0.000000 ) 
 ( -0.369155  0.000000  0.000000  0.000000  0.000000  0.000000 ) 
 (  0.001194  0.000000  0.000000  0.000000 -0.000000  0.000000 ) 
 ( -0.004803  0.000000 -0.208266  0.000000 -0.286323  0.000000 ) 
 ( -0.004803  0.000000  0.208266  0.000000  0.286323  0.000000 ) 
 (  0.001496  0.000000  0.000000  0.000000  0.000000  0.000000 ) 
 (  0.336100  0.000000  0.000000  0.000000 -0.000000  0.000000 ) 
 ( -0.369155  0.000000 -0.000000  0.000000 -0.000000  0.000000 ) 
 (  0.001194  0.000000  0.000000  0.000000  0.000000  0.000000 ) 
 ( -0.004803  0.000000 -0.208266  0.000000  0.286323  0.000000 ) 
 ( -0.004803  0.000000  0.208266  0.000000 -0.286323  0.000000 ) 
     freq (   25) =      48.201983 [THz] =    1607.845096 [cm-1]
 ( -0.000000  0.000000  0.032641  0.000000 -0.023647  0.000000 ) 
 ( -0.000000  0.000000 -0.427951  0.000000 -0.015009  0.000000 ) 
 ( -0.000000  0.000000 -0.119708  0.000000  0.396384  0.000000 ) 
 ( -0.000000  0.000000  0.016405  0.000000 -0.017956  0.000000 ) 
 ( -0.164671  0.000000 -0.157806  0.000000  0.139514  0.000000 ) 
 (  0.164671  0.000000 -0.157806  0.000000  0.139514  0.000000 ) 
 ( -0.000000  0.000000 -0.032641  0.000000 -0.023647  0.000000 ) 
 (  0.000000  0.000000  0.427951  0.000000 -0.015009  0.000000 ) 
 ( -0.000000  0.000000  0.119708  0.000000  0.396384  0.000000 ) 
 ( -0.000000  0.000000 -0.016405  0.000000 -0.017956  0.000000 ) 
 (  0.164671  0.000000  0.157806  0.000000  0.139514  0.000000 ) 
 ( -0.164671  0.000000  0.157806  0.000000  0.139514  0.000000 ) 
     freq (   26) =      48.228304 [THz] =    1608.723052 [cm-1]
 (  0.000000  0.000000  0.029009  0.000000 -0.022402  0.000000 ) 
 ( -0.000000  0.000000 -0.356632  0.000000 -0.007607  0.000000 ) 
 ( -0.000000  0.000000 -0.106656  0.000000  0.353073  0.000000 ) 
 (  0.000000  0.000000  0.027298  0.000000 -0.019395  0.000000 ) 
 ( -0.210351  0.000000 -0.215034  0.000000  0.163218  0.000000 ) 
 (  0.210351  0.000000 -0.215034  0.000000  0.163218  0.000000 ) 
 ( -0.000000  0.000000  0.029009  0.000000  0.022402  0.000000 ) 
 ( -0.000000  0.000000 -0.356632  0.000000  0.007607  0.000000 ) 
 ( -0.000000  0.000000 -0.106656  0.000000 -0.353073  0.000000 ) 
 ( -0.000000  0.000000  0.027298  0.000000  0.019395  0.000000 ) 
 ( -0.210351  0.000000 -0.215034  0.000000 -0.163218  0.000000 ) 
 (  0.210351  0.000000 -0.215034  0.000000 -0.163218  0.000000 ) 
     freq (   27) =      49.538283 [THz] =    1652.419250 [cm-1]
 (  0.000000  0.000000  0.015721  0.000000 -0.012291  0.000000 ) 
 ( -0.000000  0.000000 -0.254681  0.000000 -0.002441  0.000000 ) 
 ( -0.000000  0.000000 -0.087898  0.000000  0.264318  0.000000 ) 
 (  0.000000  0.000000 -0.032475  0.000000  0.018304  0.000000 ) 
 (  0.250768  0.000000  0.288221  0.000000 -0.178663  0.000000 ) 
 ( -0.250768  0.000000  0.288221  0.000000 -0.178663  0.000000 ) 
 ( -0.000000  0.000000 -0.015721  0.000000 -0.012291  0.000000 ) 
 ( -0.000000  0.000000  0.254681  0.000000 -0.002441  0.000000 ) 
 (  0.000000  0.000000  0.087898  0.000000  0.264318  0.000000 ) 
 ( -0.000000  0.000000  0.032475  0.000000  0.018304  0.000000 ) 
 ( -0.250768  0.000000 -0.288221  0.000000 -0.178663  0.000000 ) 
 (  0.250768  0.000000 -0.288221  0.000000 -0.178663  0.000000 ) 
     freq (   28) =      50.495793 [THz] =    1684.358341 [cm-1]
 ( -0.000000  0.000000 -0.021279  0.000000  0.014795  0.000000 ) 
 (  0.000000  0.000000  0.340634  0.000000  0.008454  0.000000 ) 
 (  0.000000  0.000000  0.105942  0.000000 -0.327733  0.000000 ) 
 ( -0.000000  0.000000  0.023488  0.000000 -0.016655  0.000000 ) 
 ( -0.214930  0.000000 -0.240825  0.000000  0.166404  0.000000 ) 
 (  0.214930  0.000000 -0.240825  0.000000  0.166404  0.000000 ) 
 ( -0.000000  0.000000 -0.021279  0.000000 -0.014795  0.000000 ) 
 (  0.000000  0.000000  0.340634  0.000000 -0.008454  0.000000 ) 
 (  0.000000  0.000000  0.105942  0.000000  0.327733  0.000000 ) 
 ( -0.000000  0.000000  0.023488  0.000000  0.016655  0.000000 ) 
 ( -0.214930  0.000000 -0.240825  0.000000 -0.166404  0.000000 ) 
 (  0.214930  0.000000 -0.240825  0.000000 -0.166404  0.000000 ) 
     freq (   29) =      93.278063 [THz] =    3111.421257 [cm-1]
 ( -0.000000  0.000000 -0.020959  0.000000  0.014276  0.000000 ) 
 (  0.000000  0.000000 -0.003769  0.000000 -0.347218  0.000000 ) 
 (  0.000000  0.000000  0.339342  0.000000  0.119469  0.000000 ) 
 (  0.000000  0.000000 -0.020699  0.000000  0.014361  0.000000 ) 
 ( -0.290581  0.000000  0.164527  0.000000 -0.113380  0.000000 ) 
 (  0.290581  0.000000  0.164527  0.000000 -0.113380  0.000000 ) 
 (  0.000000  0.000000  0.020959  0.000000  0.014276  0.000000 ) 
 (  0.000000  0.000000  0.003769  0.000000 -0.347218  0.000000 ) 
 ( -0.000000  0.000000 -0.339342  0.000000  0.119469  0.000000 ) 
 (  0.000000  0.000000  0.020699  0.000000  0.014361  0.000000 ) 
 (  0.290581  0.000000 -0.164527  0.000000 -0.113380  0.000000 ) 
 ( -0.290581  0.000000 -0.164527  0.000000 -0.113380  0.000000 ) 
     freq (   30) =      94.045796 [THz] =    3137.030069 [cm-1]
 (  0.000000  0.000000  0.031599  0.000000  0.003302  0.000000 ) 
 (  0.000000  0.000000  0.011094  0.000000  0.136875  0.000000 ) 
 ( -0.000000  0.000000 -0.496475  0.000000 -0.168367  0.000000 ) 
 ( -0.000000  0.000000  0.017902  0.000000 -0.014154  0.000000 ) 
 (  0.264306  0.000000 -0.150066  0.000000  0.100054  0.000000 ) 
 ( -0.264306  0.000000 -0.150066  0.000000  0.100054  0.000000 ) 
 ( -0.000000  0.000000  0.031599  0.000000 -0.003302  0.000000 ) 
 (  0.000000  0.000000  0.011094  0.000000 -0.136875  0.000000 ) 
 (  0.000000  0.000000 -0.496475  0.000000  0.168367  0.000000 ) 
 (  0.000000  0.000000  0.017902  0.000000  0.014154  0.000000 ) 
 (  0.264306  0.000000 -0.150066  0.000000 -0.100054  0.000000 ) 
 ( -0.264306  0.000000 -0.150066  0.000000 -0.100054  0.000000 ) 
     freq (   31) =      96.368281 [THz] =    3214.499834 [cm-1]
 ( -0.002672  0.000000 -0.000000  0.000000 -0.000000  0.000000 ) 
 ( -0.002928  0.000000 -0.000000  0.000000  0.000000  0.000000 ) 
 ( -0.004542  0.000000  0.000000  0.000000  0.000000  0.000000 ) 
 (  0.053318  0.000000  0.000000  0.000000  0.000000  0.000000 ) 
 ( -0.398341  0.000000  0.246611  0.000000 -0.170494  0.000000 ) 
 ( -0.398341  0.000000 -0.246611  0.000000  0.170494  0.000000 ) 
 (  0.002672  0.000000  0.000000  0.000000 -0.000000  0.000000 ) 
 (  0.002928  0.000000  0.000000  0.000000  0.000000  0.000000 ) 
 (  0.004542  0.000000 -0.000000  0.000000  0.000000  0.000000 ) 
 ( -0.053318  0.000000 -0.000000  0.000000  0.000000  0.000000 ) 
 (  0.398341  0.000000 -0.246611  0.000000 -0.170494  0.000000 ) 
 (  0.398341  0.000000  0.246611  0.000000  0.170494  0.000000 ) 
     freq (   32) =      96.378362 [THz] =    3214.836125 [cm-1]
 (  0.002585  0.000000  0.000000  0.000000  0.000000  0.000000 ) 
 (  0.004259  0.000000  0.000000  0.000000 -0.000000  0.000000 ) 
 (  0.004734  0.000000 -0.000000  0.000000 -0.000000  0.000000 ) 
 ( -0.053363  0.000000 -0.000000  0.000000 -0.000000  0.000000 ) 
 (  0.398399  0.000000 -0.246541  0.000000  0.170436  0.000000 ) 
 (  0.398399  0.000000  0.246541  0.000000 -0.170436  0.000000 ) 
 (  0.002585  0.000000 -0.000000  0.000000  0.000000  0.000000 ) 
 (  0.004259  0.000000 -0.000000  0.000000 -0.000000  0.000000 ) 
 (  0.004734  0.000000  0.000000  0.000000 -0.000000  0.000000 ) 
 ( -0.053363  0.000000  0.000000  0.000000 -0.000000  0.000000 ) 
 (  0.398399  0.000000 -0.246541  0.000000 -0.170436  0.000000 ) 
 (  0.398399  0.000000  0.246541  0.000000  0.170436  0.000000 ) 
     freq (   33) =      96.421982 [THz] =    3216.291110 [cm-1]
 (  0.000000  0.000000 -0.030974  0.000000 -0.043444  0.000000 ) 
 (  0.000000  0.000000 -0.012997  0.000000  0.501340  0.000000 ) 
 (  0.000000  0.000000  0.473139  0.000000  0.147162  0.000000 ) 
 ( -0.000000  0.000000  0.001822  0.000000  0.001853  0.000000 ) 
 (  0.005085  0.000000 -0.000377  0.000000  0.005805  0.000000 ) 
 ( -0.005085  0.000000 -0.000377  0.000000  0.005805  0.000000 ) 
 ( -0.000000  0.000000  0.030974  0.000000 -0.043444  0.000000 ) 
 (  0.000000  0.000000  0.012997  0.000000  0.501340  0.000000 ) 
 ( -0.000000  0.000000 -0.473139  0.000000  0.147162  0.000000 ) 
 (  0.000000  0.000000 -0.001822  0.000000  0.001853  0.000000 ) 
 ( -0.005085  0.000000  0.000377  0.000000  0.005805  0.000000 ) 
 (  0.005085  0.000000  0.000377  0.000000  0.005805  0.000000 ) 
     freq (   34) =      98.638199 [THz] =    3290.216157 [cm-1]
 (  0.000000  0.000000 -0.007207  0.000000  0.035328  0.000000 ) 
 ( -0.000000  0.000000 -0.006629  0.000000 -0.607169  0.000000 ) 
 ( -0.000000  0.000000  0.123450  0.000000  0.061116  0.000000 ) 
 ( -0.000000  0.000000  0.013580  0.000000 -0.009438  0.000000 ) 
 (  0.192825  0.000000 -0.108981  0.000000  0.079487  0.000000 ) 
 ( -0.192825  0.000000 -0.108981  0.000000  0.079487  0.000000 ) 
 (  0.000000  0.000000 -0.007207  0.000000 -0.035328  0.000000 ) 
 ( -0.000000  0.000000 -0.006629  0.000000  0.607169  0.000000 ) 
 (  0.000000  0.000000  0.123450  0.000000 -0.061116  0.000000 ) 
 ( -0.000000  0.000000  0.013580  0.000000  0.009438  0.000000 ) 
 (  0.192825  0.000000 -0.108981  0.000000 -0.079487  0.000000 ) 
 ( -0.192825  0.000000 -0.108981  0.000000 -0.079487  0.000000 ) 
     freq (   35) =     100.167020 [THz] =    3341.212142 [cm-1]
 ( -0.000000  0.000000  0.019823  0.000000 -0.014588  0.000000 ) 
 (  0.000000 -0.000000  0.014107  0.000000  0.354712 -0.000000 ) 
 (  0.000000  0.000000 -0.328124  0.000000 -0.123208  0.000000 ) 
 ( -0.000000  0.000000 -0.020272  0.000000  0.014138  0.000000 ) 
 ( -0.293765  0.000000  0.161489  0.000000 -0.112171  0.000000 ) 
 (  0.293765  0.000000  0.161489  0.000000 -0.112171  0.000000 ) 
 (  0.000000  0.000000 -0.019823  0.000000 -0.014588  0.000000 ) 
 (  0.000000 -0.000000 -0.014107  0.000000  0.354712  0.000000 ) 
 ( -0.000000  0.000000  0.328124 -0.000000 -0.123208  0.000000 ) 
 ( -0.000000  0.000000  0.020272 -0.000000  0.014138 -0.000000 ) 
 (  0.293765 -0.000000 -0.161489  0.000000 -0.112171  0.000000 ) 
 ( -0.293765  0.000000 -0.161489  0.000000 -0.112171  0.000000 ) 
     freq (   36) =     100.631689 [THz] =    3356.711834 [cm-1]
 ( -0.000000  0.000000  0.026562  0.000000  0.030111  0.000000 ) 
 ( -0.000000  0.000000  0.010638  0.000000 -0.326524  0.000000 ) 
 (  0.000000  0.000000 -0.425684  0.000000 -0.140366  0.000000 ) 
 ( -0.000000  0.000000 -0.017915  0.000000  0.012781  0.000000 ) 
 ( -0.256646  0.000000  0.138920  0.000000 -0.099825  0.000000 ) 
 (  0.256646  0.000000  0.138920  0.000000 -0.099825  0.000000 ) 
 (  0.000000  0.000000  0.026562  0.000000 -0.030111  0.000000 ) 
 ( -0.000000  0.000000  0.010638  0.000000  0.326524  0.000000 ) 
 ( -0.000000  0.000000 -0.425684  0.000000  0.140366  0.000000 ) 
 ( -0.000000  0.000000 -0.017915  0.000000 -0.012781  0.000000 ) 
 ( -0.256646  0.000000  0.138920  0.000000  0.099825  0.000000 ) 
 (  0.256646  0.000000  0.138920  0.000000  0.099825  0.000000 ) 
 **************************************************************************
