Dynamical matrix file
default                                                                    
  2   12  0  8.8171743  0.0000000  0.0000000  0.0000000  0.0000000  0.0000000
Basis vectors
      0.977298060    0.000000000    0.000000000
      0.488649030    0.848898623    0.000000000
      0.000000000    0.000000000    1.596648933
           1  'H   '    918.83605493596531     
           2  'O   '    14582.196429874228     
    1    2      0.4886490300      0.2834051930      0.0974488840
    2    1      0.4886490300      0.2793463270      0.3108737520
    3    1      0.4886490300      0.0795428680      0.0340531210
    4    2      0.9772980600      0.5674385530      1.4951732170
    5    1      1.1477678060      0.4617505560      1.5683006680
    6    1      0.8068283150      0.4617505560      1.5683006680
    7    2      0.9772980600      0.5654934300      0.8957733500
    8    1      0.9772980600      0.5695522970      1.1091982190
    9    1      0.9772980600      0.7693557560      0.8323775870
   10    2      0.4886490300      0.2814600710      0.6968487500
   11    1      0.3181792850      0.3871480680      0.7699762010
   12    1      0.6591187760      0.3871480680      0.7699762010

     Dynamical  Matrix in cartesian axes

     q = (    0.000000000   0.000000000  -0.313155879 ) 

    1    1
  0.08675436  0.00000000    0.00000000  0.00000000    0.00000000  0.00000000
  0.00000000  0.00000000    0.85786519  0.00000000    0.17889654  0.00000000
  0.00000000  0.00000000    0.17889654  0.00000000    1.00632424  0.00000000
    1    2
 -0.03529804  0.00000000    0.00000000  0.00000000    0.00000000  0.00000000
  0.00000000  0.00000000   -0.10006956  0.00000000   -0.01709318  0.00000000
  0.00000000  0.00000000    0.06555640 -0.00000000   -0.77868890  0.00000000
    1    3
 -0.03661779  0.00000000    0.00000000  0.00000000    0.00000000  0.00000000
  0.00000000  0.00000000   -0.69477118  0.00000000   -0.13380345  0.00000000
  0.00000000  0.00000000   -0.22463597  0.00000000   -0.15886267  0.00000000
    1    4
  0.05246338 -0.00000000    0.00000000  0.00000000    0.00000000  0.00000000
  0.00000000  0.00000000    0.05600834 -0.00000000   -0.00538720  0.00000000
  0.00000000  0.00000000   -0.00186609  0.00000000   -0.02236103  0.00000000
    1    5
 -0.01519010  0.00000000    0.02608514 -0.00000000   -0.01525063  0.00000000
  0.02500382 -0.00000000    0.00719034 -0.00000000    0.01514442 -0.00000000
 -0.00338670  0.00000000    0.00917492 -0.00000000    0.02457185 -0.00000000
    1    6
 -0.01519010  0.00000000   -0.02608514  0.00000000    0.01525063 -0.00000000
 -0.02500382  0.00000000    0.00719034 -0.00000000    0.01514442 -0.00000000
  0.00338670 -0.00000000    0.00917492 -0.00000000    0.02457185 -0.00000000
    1    7
 -0.00000000  0.00000000    0.00000000  0.00000000    0.00000000  0.00000000
  0.00000000  0.00000000    0.00000000 -0.00000000   -0.00023068  0.00000000
  0.00000000  0.00000000   -0.00023068  0.00000000    0.00000000 -0.00000000
    1    8
  0.00087666 -0.00000000    0.00000000  0.00000000    0.00000000  0.00000000
  0.00000000  0.00000000    0.00108682 -0.00000000    0.00013867 -0.00000000
  0.00000000  0.00000000    0.00001157 -0.00000000    0.00324906 -0.00000000
    1    9
 -0.00005291  0.00000000    0.00000000  0.00000000    0.00000000  0.00000000
  0.00000000  0.00000000   -0.00066071  0.00000000   -0.00056453  0.00000000
  0.00000000  0.00000000   -0.00336182  0.00000000   -0.00215750  0.00000000
    1   10
  0.00956542 -0.00000000    0.00000000  0.00000000    0.00000000  0.00000000
  0.00000000  0.00000000    0.00854981 -0.00000000   -0.00567199  0.00000000
  0.00000000  0.00000000   -0.00631721  0.00000000   -0.03132745  0.00000000
    1   11
 -0.00071053  0.00000000    0.00029480 -0.00000000   -0.00224683  0.00000000
  0.00004586 -0.00000000    0.00030983 -0.00000000    0.00146726 -0.00000000
 -0.00557130  0.00000000    0.00314253 -0.00000000   -0.00558608  0.00000000
    1   12
 -0.00071053  0.00000000   -0.00029480  0.00000000    0.00224683 -0.00000000
 -0.00004586  0.00000000    0.00030983 -0.00000000    0.00146726 -0.00000000
  0.00557130 -0.00000000    0.00314253 -0.00000000   -0.00558608  0.00000000
    2    1
 -0.03529804 -0.00000000    0.00000000  0.00000000    0.00000000  0.00000000
  0.00000000  0.00000000   -0.10006956 -0.00000000    0.06555640  0.00000000
  0.00000000  0.00000000   -0.01709318 -0.00000000   -0.77868890 -0.00000000
    2    2
  0.05653038  0.00000000    0.00000000  0.00000000    0.00000000  0.00000000
  0.00000000  0.00000000    0.11480677  0.00000000    0.00519842  0.00000000
  0.00000000  0.00000000    0.00519842  0.00000000    0.78357768  0.00000000
    2    3
 -0.00264416 -0.00000000    0.00000000  0.00000000    0.00000000  0.00000000
  0.00000000  0.00000000    0.00472879  0.00000000   -0.07866296 -0.00000000
  0.00000000  0.00000000    0.00379625  0.00000000   -0.01718434 -0.00000000
    2    4
  0.00684634  0.00000000   -0.00000000  0.00000000    0.00000000  0.00000000
  0.00000000  0.00000000    0.00602197  0.00000000    0.00067175  0.00000000
  0.00000000  0.00000000    0.00222297  0.00000000    0.00089660  0.00000000
    2    5
 -0.00366630 -0.00000000    0.00329065  0.00000000    0.00638538  0.00000000
  0.00450391  0.00000000   -0.00113724 -0.00000000   -0.00391664 -0.00000000
  0.00612147  0.00000000   -0.00485589 -0.00000000   -0.00056133 -0.00000000
    2    6
 -0.00366630 -0.00000000   -0.00329065 -0.00000000   -0.00638538 -0.00000000
 -0.00450391 -0.00000000   -0.00113724 -0.00000000   -0.00391664 -0.00000000
 -0.00612147 -0.00000000   -0.00485589 -0.00000000   -0.00056133 -0.00000000
    2    7
 -0.00087666  0.00000000    0.00000000  0.00000000    0.00000000  0.00000000
  0.00000000  0.00000000   -0.00108682  0.00000000    0.00001157 -0.00000000
  0.00000000  0.00000000    0.00013867 -0.00000000   -0.00324906  0.00000000
    2    8
 -0.00000000 -0.00000000    0.00000000  0.00000000    0.00000000  0.00000000
  0.00000000  0.00000000    0.00000000  0.00000000   -0.00041834 -0.00000000
  0.00000000  0.00000000   -0.00041834 -0.00000000    0.00000000  0.00000000
    2    9
  0.00008068 -0.00000000    0.00000000  0.00000000    0.00000000  0.00000000
  0.00000000  0.00000000    0.00108874 -0.00000000    0.00184822 -0.00000000
  0.00000000  0.00000000    0.00615487 -0.00000000    0.00284223 -0.00000000
    2   10
 -0.02229630 -0.00000000    0.00000000  0.00000000    0.00000000  0.00000000
  0.00000000  0.00000000   -0.01499055 -0.00000000    0.00824536  0.00000000
  0.00000000  0.00000000    0.00297015  0.00000000    0.00380250  0.00000000
    2   11
  0.00189303  0.00000000   -0.00106307 -0.00000000    0.00796479  0.00000000
 -0.00025216 -0.00000000   -0.00048407 -0.00000000   -0.00462776 -0.00000000
  0.00866858  0.00000000   -0.00408264 -0.00000000    0.00476464  0.00000000
    2   12
  0.00189303  0.00000000    0.00106307  0.00000000   -0.00796479 -0.00000000
  0.00025216  0.00000000   -0.00048407 -0.00000000   -0.00462776 -0.00000000
 -0.00866858 -0.00000000   -0.00408264 -0.00000000    0.00476464  0.00000000
    3    1
 -0.03661779  0.00000000    0.00000000  0.00000000    0.00000000  0.00000000
  0.00000000  0.00000000   -0.69477118  0.00000000   -0.22463597  0.00000000
  0.00000000  0.00000000   -0.13380345  0.00000000   -0.15886267  0.00000000
    3    2
 -0.00264416  0.00000000    0.00000000  0.00000000    0.00000000  0.00000000
  0.00000000  0.00000000    0.00472879 -0.00000000    0.00379625 -0.00000000
  0.00000000  0.00000000   -0.07866296  0.00000000   -0.01718434  0.00000000
    3    3
  0.05733136  0.00000000    0.00000000  0.00000000    0.00000000  0.00000000
  0.00000000  0.00000000    0.68158232  0.00000000    0.19509490  0.00000000
  0.00000000  0.00000000    0.19509490  0.00000000    0.18384612  0.00000000
    3    4
  0.03033115 -0.00000000    0.00000000  0.00000000    0.00000000  0.00000000
  0.00000000  0.00000000   -0.03598616  0.00000000   -0.00172696  0.00000000
  0.00000000  0.00000000   -0.01104816  0.00000000    0.02537196 -0.00000000
    3    5
 -0.00590757  0.00000000   -0.01215353  0.00000000   -0.00928622  0.00000000
 -0.02367835  0.00000000    0.01389603 -0.00000000   -0.01104334  0.00000000
 -0.01524236  0.00000000   -0.00266013  0.00000000   -0.01081278  0.00000000
    3    6
 -0.00590757  0.00000000    0.01215353 -0.00000000    0.00928622 -0.00000000
  0.02367835 -0.00000000    0.01389603 -0.00000000   -0.01104334  0.00000000
  0.01524236 -0.00000000   -0.00266013  0.00000000   -0.01081278  0.00000000
    3    7
  0.00005291 -0.00000000    0.00000000  0.00000000    0.00000000  0.00000000
  0.00000000  0.00000000    0.00066071 -0.00000000   -0.00336182  0.00000000
  0.00000000  0.00000000   -0.00056453  0.00000000    0.00215750 -0.00000000
    3    8
 -0.00008068  0.00000000    0.00000000  0.00000000    0.00000000  0.00000000
  0.00000000  0.00000000   -0.00108874  0.00000000    0.00615487 -0.00000000
  0.00000000  0.00000000    0.00184822 -0.00000000   -0.00284223  0.00000000
    3    9
 -0.00000000  0.00000000    0.00000000  0.00000000    0.00000000  0.00000000
  0.00000000  0.00000000   -0.00000000  0.00000000    0.00001580 -0.00000000
  0.00000000  0.00000000    0.00001580 -0.00000000   -0.00000000  0.00000000
    3   10
  0.00024118 -0.00000000    0.00000000  0.00000000    0.00000000  0.00000000
  0.00000000  0.00000000   -0.00035099  0.00000000    0.00483116 -0.00000000
  0.00000000  0.00000000    0.00209990 -0.00000000   -0.00487964  0.00000000
    3   11
  0.00006540 -0.00000000    0.00016522 -0.00000000   -0.00012435  0.00000000
  0.00015932 -0.00000000   -0.00002804  0.00000000   -0.00000593  0.00000000
  0.00000202 -0.00000000    0.00011978 -0.00000000    0.00026560 -0.00000000
    3   12
  0.00006540 -0.00000000   -0.00016522  0.00000000    0.00012435 -0.00000000
 -0.00015932  0.00000000   -0.00002804  0.00000000   -0.00000593  0.00000000
 -0.00000202  0.00000000    0.00011978 -0.00000000    0.00026560 -0.00000000
    4    1
  0.05246338  0.00000000    0.00000000  0.00000000    0.00000000  0.00000000
  0.00000000  0.00000000    0.05600834  0.00000000   -0.00186609 -0.00000000
  0.00000000  0.00000000   -0.00538720 -0.00000000   -0.02236103 -0.00000000
    4    2
  0.00684634 -0.00000000   -0.00000000  0.00000000    0.00000000  0.00000000
  0.00000000  0.00000000    0.00602197 -0.00000000    0.00222297 -0.00000000
  0.00000000  0.00000000    0.00067175 -0.00000000    0.00089660 -0.00000000
    4    3
  0.03033115  0.00000000    0.00000000  0.00000000    0.00000000  0.00000000
  0.00000000  0.00000000   -0.03598616 -0.00000000   -0.01104816 -0.00000000
  0.00000000  0.00000000   -0.00172696 -0.00000000    0.02537196  0.00000000
    4    4
  1.09966135  0.00000000    0.00000000  0.00000000    0.00000000  0.00000000
  0.00000000  0.00000000    0.52417997  0.00000000   -0.30145496  0.00000000
  0.00000000  0.00000000   -0.30145496  0.00000000    0.32628434  0.00000000
    4    5
 -0.49851997  0.00000000    0.28949192  0.00000000   -0.20109140  0.00000000
  0.22406785  0.00000000   -0.24552051  0.00000000    0.14433655  0.00000000
 -0.16589740  0.00000000    0.14967326  0.00000000   -0.14598331  0.00000000
    4    6
 -0.49851997  0.00000000   -0.28949192  0.00000000    0.20109140  0.00000000
 -0.22406785  0.00000000   -0.24552051  0.00000000    0.14433655  0.00000000
  0.16589740  0.00000000    0.14967326  0.00000000   -0.14598331  0.00000000
    4    7
  0.00956542 -0.00000000    0.00000000  0.00000000    0.00000000  0.00000000
  0.00000000  0.00000000    0.00854981 -0.00000000    0.00631721 -0.00000000
  0.00000000  0.00000000    0.00567199 -0.00000000   -0.03132745  0.00000000
    4    8
 -0.02229630 -0.00000000    0.00000000  0.00000000    0.00000000  0.00000000
  0.00000000  0.00000000   -0.01499055 -0.00000000   -0.00297015 -0.00000000
  0.00000000  0.00000000   -0.00824536 -0.00000000    0.00380250  0.00000000
    4    9
  0.00024118 -0.00000000    0.00000000  0.00000000    0.00000000  0.00000000
  0.00000000  0.00000000   -0.00035099  0.00000000   -0.00209990  0.00000000
  0.00000000  0.00000000   -0.00483116  0.00000000   -0.00487964  0.00000000
    4   10
 -0.00000000  0.00000000    0.00000000  0.00000000    0.00000000  0.00000000
  0.00000000  0.00000000    0.00000000 -0.00000000   -0.00032308  0.00000000
  0.00000000  0.00000000   -0.00032308  0.00000000   -0.00000000  0.00000000
    4   11
 -0.00025633  0.00000000    0.00029393 -0.00000000   -0.00036204  0.00000000
  0.00020962 -0.00000000   -0.00015346  0.00000000    0.00018995 -0.00000000
 -0.00269345  0.00000000    0.00169052 -0.00000000   -0.00153330  0.00000000
    4   12
 -0.00025633  0.00000000   -0.00029393  0.00000000    0.00036204 -0.00000000
 -0.00020962  0.00000000   -0.00015346  0.00000000    0.00018995 -0.00000000
  0.00269345 -0.00000000    0.00169052 -0.00000000   -0.00153330  0.00000000
    5    1
 -0.01519010 -0.00000000    0.02500382  0.00000000   -0.00338670 -0.00000000
  0.02608514  0.00000000    0.00719034  0.00000000    0.00917492  0.00000000
 -0.01525063 -0.00000000    0.01514442  0.00000000    0.02457185  0.00000000
    5    2
 -0.00366630  0.00000000    0.00450391 -0.00000000    0.00612147 -0.00000000
  0.00329065 -0.00000000   -0.00113724  0.00000000   -0.00485589  0.00000000
  0.00638538 -0.00000000   -0.00391664  0.00000000   -0.00056133  0.00000000
    5    3
 -0.00590757 -0.00000000   -0.02367835 -0.00000000   -0.01524236 -0.00000000
 -0.01215353 -0.00000000    0.01389603  0.00000000   -0.00266013 -0.00000000
 -0.00928622 -0.00000000   -0.01104334 -0.00000000   -0.01081278 -0.00000000
    5    4
 -0.49851997  0.00000000    0.22406785  0.00000000   -0.16589740  0.00000000
  0.28949192  0.00000000   -0.24552051  0.00000000    0.14967326  0.00000000
 -0.20109140  0.00000000    0.14433655  0.00000000   -0.14598331  0.00000000
    5    5
  0.53634310  0.00000000   -0.24511309  0.00000000    0.17099531  0.00000000
 -0.24511309  0.00000000    0.23950151  0.00000000   -0.12659555  0.00000000
  0.17099531  0.00000000   -0.12659555  0.00000000    0.14687926  0.00000000
    5    6
 -0.06360476  0.00000000    0.02675662  0.00000000   -0.01719851  0.00000000
 -0.02675662  0.00000000    0.02628621  0.00000000   -0.02052802  0.00000000
  0.01719851  0.00000000   -0.02052802  0.00000000    0.01484940  0.00000000
    5    7
 -0.00071053  0.00000000    0.00004586 -0.00000000    0.00557130 -0.00000000
  0.00029480 -0.00000000    0.00030983 -0.00000000   -0.00314253  0.00000000
  0.00224683 -0.00000000   -0.00146726  0.00000000   -0.00558608  0.00000000
    5    8
  0.00189303  0.00000000   -0.00025216 -0.00000000   -0.00866858 -0.00000000
 -0.00106307 -0.00000000   -0.00048407 -0.00000000    0.00408264  0.00000000
 -0.00796479 -0.00000000    0.00462776  0.00000000    0.00476464  0.00000000
    5    9
  0.00006540 -0.00000000    0.00015932 -0.00000000   -0.00000202  0.00000000
  0.00016522 -0.00000000   -0.00002804  0.00000000   -0.00011978  0.00000000
  0.00012435 -0.00000000    0.00000593 -0.00000000    0.00026560 -0.00000000
    5   10
  0.00025633 -0.00000000   -0.00020962  0.00000000   -0.00269345  0.00000000
 -0.00029393  0.00000000    0.00015346 -0.00000000    0.00169052 -0.00000000
 -0.00036204  0.00000000    0.00018995 -0.00000000    0.00153330 -0.00000000
    5   11
  0.00000000 -0.00000000   -0.00010584  0.00000000    0.00003736 -0.00000000
  0.00010584 -0.00000000   -0.00000000  0.00000000    0.00006490 -0.00000000
  0.00003736 -0.00000000    0.00006490 -0.00000000    0.00000000 -0.00000000
    5   12
  0.00000000 -0.00000000   -0.00003198  0.00000000   -0.00000441  0.00000000
 -0.00003198  0.00000000    0.00000000  0.00000000    0.00010632 -0.00000000
  0.00000441 -0.00000000    0.00010632 -0.00000000    0.00000000 -0.00000000
    6    1
 -0.01519010 -0.00000000   -0.02500382 -0.00000000    0.00338670  0.00000000
 -0.02608514 -0.00000000    0.00719034  0.00000000    0.00917492  0.00000000
  0.01525063  0.00000000    0.01514442  0.00000000    0.02457185  0.00000000
    6    2
 -0.00366630  0.00000000   -0.00450391  0.00000000   -0.00612147  0.00000000
 -0.00329065  0.00000000   -0.00113724  0.00000000   -0.00485589  0.00000000
 -0.00638538  0.00000000   -0.00391664  0.00000000   -0.00056133  0.00000000
    6    3
 -0.00590757 -0.00000000    0.02367835  0.00000000    0.01524236  0.00000000
  0.01215353  0.00000000    0.01389603  0.00000000   -0.00266013 -0.00000000
  0.00928622  0.00000000   -0.01104334 -0.00000000   -0.01081278 -0.00000000
    6    4
 -0.49851997  0.00000000   -0.22406785  0.00000000    0.16589740  0.00000000
 -0.28949192  0.00000000   -0.24552051  0.00000000    0.14967326  0.00000000
  0.20109140  0.00000000    0.14433655  0.00000000   -0.14598331  0.00000000
    6    5
 -0.06360476  0.00000000   -0.02675662  0.00000000    0.01719851  0.00000000
  0.02675662  0.00000000    0.02628621  0.00000000   -0.02052802  0.00000000
 -0.01719851  0.00000000   -0.02052802  0.00000000    0.01484940  0.00000000
    6    6
  0.53634310  0.00000000    0.24511309  0.00000000   -0.17099531  0.00000000
  0.24511309  0.00000000    0.23950151  0.00000000   -0.12659555  0.00000000
 -0.17099531  0.00000000   -0.12659555  0.00000000    0.14687926  0.00000000
    6    7
 -0.00071053  0.00000000   -0.00004586  0.00000000   -0.00557130  0.00000000
 -0.00029480  0.00000000    0.00030983 -0.00000000   -0.00314253  0.00000000
 -0.00224683  0.00000000   -0.00146726  0.00000000   -0.00558608  0.00000000
    6    8
  0.00189303  0.00000000    0.00025216  0.00000000    0.00866858  0.00000000
  0.00106307  0.00000000   -0.00048407 -0.00000000    0.00408264  0.00000000
  0.00796479  0.00000000    0.00462776  0.00000000    0.00476464  0.00000000
    6    9
  0.00006540 -0.00000000   -0.00015932  0.00000000    0.00000202 -0.00000000
 -0.00016522  0.00000000   -0.00002804  0.00000000   -0.00011978  0.00000000
 -0.00012435  0.00000000    0.00000593 -0.00000000    0.00026560 -0.00000000
    6   10
  0.00025633 -0.00000000    0.00020962 -0.00000000    0.00269345 -0.00000000
  0.00029393 -0.00000000    0.00015346 -0.00000000    0.00169052 -0.00000000
  0.00036204 -0.00000000    0.00018995 -0.00000000    0.00153330 -0.00000000
    6   11
  0.00000000 -0.00000000    0.00003198 -0.00000000    0.00000441 -0.00000000
  0.00003198 -0.00000000    0.00000000 -0.00000000    0.00010632 -0.00000000
 -0.00000441  0.00000000    0.00010632 -0.00000000    0.00000000 -0.00000000
    6   12
  0.00000000 -0.00000000    0.00010584 -0.00000000   -0.00003736  0.00000000
 -0.00010584  0.00000000   -0.00000000  0.00000000    0.00006490 -0.00000000
 -0.00003736  0.00000000    0.00006490 -0.00000000    0.00000000 -0.00000000
    7    1
  0.00000000  0.00000000    0.00000000  0.00000000    0.00000000  0.00000000
  0.00000000  0.00000000   -0.00000000 -0.00000000   -0.00023068 -0.00000000
  0.00000000  0.00000000   -0.00023068 -0.00000000   -0.00000000  0.00000000
    7    2
 -0.00087666 -0.00000000    0.00000000  0.00000000    0.00000000  0.00000000
  0.00000000  0.00000000   -0.00108682 -0.00000000    0.00013867  0.00000000
  0.00000000  0.00000000    0.00001157  0.00000000   -0.00324906 -0.00000000
    7    3
  0.00005291  0.00000000    0.00000000  0.00000000    0.00000000  0.00000000
  0.00000000  0.00000000    0.00066071  0.00000000   -0.00056453 -0.00000000
  0.00000000  0.00000000   -0.00336182 -0.00000000    0.00215750  0.00000000
    7    4
  0.00956542  0.00000000    0.00000000  0.00000000    0.00000000  0.00000000
  0.00000000  0.00000000    0.00854981  0.00000000    0.00567199  0.00000000
  0.00000000  0.00000000    0.00631721  0.00000000   -0.03132745 -0.00000000
    7    5
 -0.00071053 -0.00000000    0.00029480  0.00000000    0.00224683  0.00000000
  0.00004586  0.00000000    0.00030983  0.00000000   -0.00146726 -0.00000000
  0.00557130  0.00000000   -0.00314253 -0.00000000   -0.00558608 -0.00000000
    7    6
 -0.00071053 -0.00000000   -0.00029480 -0.00000000   -0.00224683 -0.00000000
 -0.00004586 -0.00000000    0.00030983  0.00000000   -0.00146726 -0.00000000
 -0.00557130 -0.00000000   -0.00314253 -0.00000000   -0.00558608 -0.00000000
    7    7
  0.08675436  0.00000000    0.00000000  0.00000000    0.00000000  0.00000000
  0.00000000  0.00000000    0.85786519  0.00000000   -0.17889654  0.00000000
  0.00000000  0.00000000   -0.17889654  0.00000000    1.00632424  0.00000000
    7    8
 -0.03529804 -0.00000000    0.00000000  0.00000000    0.00000000  0.00000000
  0.00000000  0.00000000   -0.10006956 -0.00000000    0.01709318  0.00000000
  0.00000000  0.00000000   -0.06555640 -0.00000000   -0.77868890 -0.00000000
    7    9
 -0.03661779  0.00000000    0.00000000  0.00000000    0.00000000  0.00000000
  0.00000000  0.00000000   -0.69477118  0.00000000    0.13380345  0.00000000
  0.00000000  0.00000000    0.22463597  0.00000000   -0.15886267  0.00000000
    7   10
 -0.05246338 -0.00000000    0.00000000  0.00000000    0.00000000  0.00000000
  0.00000000  0.00000000   -0.05600834 -0.00000000   -0.00538720 -0.00000000
  0.00000000  0.00000000   -0.00186609 -0.00000000    0.02236103  0.00000000
    7   11
  0.01519010  0.00000000   -0.02608514 -0.00000000   -0.01525063 -0.00000000
 -0.02500382 -0.00000000   -0.00719034 -0.00000000    0.01514442  0.00000000
 -0.00338670 -0.00000000    0.00917492  0.00000000   -0.02457185 -0.00000000
    7   12
  0.01519010  0.00000000    0.02608514  0.00000000    0.01525063  0.00000000
  0.02500382  0.00000000   -0.00719034 -0.00000000    0.01514442  0.00000000
  0.00338670  0.00000000    0.00917492  0.00000000   -0.02457185 -0.00000000
    8    1
  0.00087666  0.00000000    0.00000000  0.00000000    0.00000000  0.00000000
  0.00000000  0.00000000    0.00108682  0.00000000    0.00001157  0.00000000
  0.00000000  0.00000000    0.00013867  0.00000000    0.00324906  0.00000000
    8    2
  0.00000000  0.00000000    0.00000000  0.00000000    0.00000000  0.00000000
  0.00000000  0.00000000   -0.00000000  0.00000000   -0.00041834  0.00000000
  0.00000000  0.00000000   -0.00041834  0.00000000   -0.00000000  0.00000000
    8    3
 -0.00008068 -0.00000000    0.00000000  0.00000000    0.00000000  0.00000000
  0.00000000  0.00000000   -0.00108874 -0.00000000    0.00184822  0.00000000
  0.00000000  0.00000000    0.00615487  0.00000000   -0.00284223 -0.00000000
    8    4
 -0.02229630  0.00000000    0.00000000  0.00000000    0.00000000  0.00000000
  0.00000000  0.00000000   -0.01499055  0.00000000   -0.00824536  0.00000000
  0.00000000  0.00000000   -0.00297015  0.00000000    0.00380250 -0.00000000
    8    5
  0.00189303 -0.00000000   -0.00106307  0.00000000   -0.00796479  0.00000000
 -0.00025216  0.00000000   -0.00048407  0.00000000    0.00462776 -0.00000000
 -0.00866858  0.00000000    0.00408264 -0.00000000    0.00476464 -0.00000000
    8    6
  0.00189303 -0.00000000    0.00106307 -0.00000000    0.00796479 -0.00000000
  0.00025216 -0.00000000   -0.00048407  0.00000000    0.00462776 -0.00000000
  0.00866858 -0.00000000    0.00408264 -0.00000000    0.00476464 -0.00000000
    8    7
 -0.03529804  0.00000000    0.00000000  0.00000000    0.00000000  0.00000000
  0.00000000  0.00000000   -0.10006956  0.00000000   -0.06555640  0.00000000
  0.00000000  0.00000000    0.01709318 -0.00000000   -0.77868890  0.00000000
    8    8
  0.05653038  0.00000000    0.00000000  0.00000000    0.00000000  0.00000000
  0.00000000  0.00000000    0.11480677  0.00000000   -0.00519842  0.00000000
  0.00000000  0.00000000   -0.00519842  0.00000000    0.78357768  0.00000000
    8    9
 -0.00264416  0.00000000    0.00000000  0.00000000    0.00000000  0.00000000
  0.00000000  0.00000000    0.00472879 -0.00000000    0.07866296 -0.00000000
  0.00000000  0.00000000   -0.00379625  0.00000000   -0.01718434  0.00000000
    8   10
 -0.00684634  0.00000000    0.00000000  0.00000000    0.00000000  0.00000000
  0.00000000  0.00000000   -0.00602197  0.00000000    0.00067175 -0.00000000
  0.00000000  0.00000000    0.00222297 -0.00000000   -0.00089660  0.00000000
    8   11
  0.00366630 -0.00000000   -0.00329065  0.00000000    0.00638538 -0.00000000
 -0.00450391  0.00000000    0.00113724 -0.00000000   -0.00391664  0.00000000
  0.00612147 -0.00000000   -0.00485589  0.00000000    0.00056133 -0.00000000
    8   12
  0.00366630 -0.00000000    0.00329065 -0.00000000   -0.00638538  0.00000000
  0.00450391 -0.00000000    0.00113724 -0.00000000   -0.00391664  0.00000000
 -0.00612147  0.00000000   -0.00485589  0.00000000    0.00056133 -0.00000000
    9    1
 -0.00005291 -0.00000000    0.00000000  0.00000000    0.00000000  0.00000000
  0.00000000  0.00000000   -0.00066071 -0.00000000   -0.00336182 -0.00000000
  0.00000000  0.00000000   -0.00056453 -0.00000000   -0.00215750 -0.00000000
    9    2
  0.00008068  0.00000000    0.00000000  0.00000000    0.00000000  0.00000000
  0.00000000  0.00000000    0.00108874  0.00000000    0.00615487  0.00000000
  0.00000000  0.00000000    0.00184822  0.00000000    0.00284223  0.00000000
    9    3
  0.00000000  0.00000000    0.00000000  0.00000000    0.00000000  0.00000000
  0.00000000  0.00000000    0.00000000  0.00000000    0.00001580  0.00000000
  0.00000000  0.00000000    0.00001580  0.00000000    0.00000000  0.00000000
    9    4
  0.00024118  0.00000000    0.00000000  0.00000000    0.00000000  0.00000000
  0.00000000  0.00000000   -0.00035099 -0.00000000   -0.00483116 -0.00000000
  0.00000000  0.00000000   -0.00209990 -0.00000000   -0.00487964 -0.00000000
    9    5
  0.00006540  0.00000000    0.00016522  0.00000000    0.00012435  0.00000000
  0.00015932  0.00000000   -0.00002804 -0.00000000    0.00000593  0.00000000
 -0.00000202 -0.00000000   -0.00011978 -0.00000000    0.00026560  0.00000000
    9    6
  0.00006540  0.00000000   -0.00016522 -0.00000000   -0.00012435 -0.00000000
 -0.00015932 -0.00000000   -0.00002804 -0.00000000    0.00000593  0.00000000
  0.00000202  0.00000000   -0.00011978 -0.00000000    0.00026560  0.00000000
    9    7
 -0.03661779  0.00000000    0.00000000  0.00000000    0.00000000  0.00000000
  0.00000000  0.00000000   -0.69477118  0.00000000    0.22463597  0.00000000
  0.00000000  0.00000000    0.13380345  0.00000000   -0.15886267  0.00000000
    9    8
 -0.00264416 -0.00000000    0.00000000  0.00000000    0.00000000  0.00000000
  0.00000000  0.00000000    0.00472879  0.00000000   -0.00379625 -0.00000000
  0.00000000  0.00000000    0.07866296  0.00000000   -0.01718434 -0.00000000
    9    9
  0.05733136  0.00000000    0.00000000  0.00000000    0.00000000  0.00000000
  0.00000000  0.00000000    0.68158232  0.00000000   -0.19509490  0.00000000
  0.00000000  0.00000000   -0.19509490  0.00000000    0.18384612  0.00000000
    9   10
 -0.03033115 -0.00000000    0.00000000  0.00000000    0.00000000  0.00000000
  0.00000000  0.00000000    0.03598616  0.00000000   -0.00172696 -0.00000000
  0.00000000  0.00000000   -0.01104816 -0.00000000   -0.02537196 -0.00000000
    9   11
  0.00590757  0.00000000    0.01215353  0.00000000   -0.00928622 -0.00000000
  0.02367835  0.00000000   -0.01389603 -0.00000000   -0.01104334 -0.00000000
 -0.01524236 -0.00000000   -0.00266013 -0.00000000    0.01081278  0.00000000
    9   12
  0.00590757  0.00000000   -0.01215353 -0.00000000    0.00928622  0.00000000
 -0.02367835 -0.00000000   -0.01389603 -0.00000000   -0.01104334 -0.00000000
  0.01524236  0.00000000   -0.00266013 -0.00000000    0.01081278  0.00000000
   10    1
  0.00956542  0.00000000    0.00000000  0.00000000    0.00000000  0.00000000
  0.00000000  0.00000000    0.00854981  0.00000000   -0.00631721 -0.00000000
  0.00000000  0.00000000   -0.00567199 -0.00000000   -0.03132745 -0.00000000
   10    2
 -0.02229630  0.00000000    0.00000000  0.00000000    0.00000000  0.00000000
  0.00000000  0.00000000   -0.01499055  0.00000000    0.00297015 -0.00000000
  0.00000000  0.00000000    0.00824536 -0.00000000    0.00380250 -0.00000000
   10    3
  0.00024118  0.00000000    0.00000000  0.00000000    0.00000000  0.00000000
  0.00000000  0.00000000   -0.00035099 -0.00000000    0.00209990  0.00000000
  0.00000000  0.00000000    0.00483116  0.00000000   -0.00487964 -0.00000000
   10    4
  0.00000000  0.00000000    0.00000000  0.00000000    0.00000000  0.00000000
  0.00000000  0.00000000   -0.00000000 -0.00000000   -0.00032308 -0.00000000
  0.00000000  0.00000000   -0.00032308 -0.00000000    0.00000000  0.00000000
   10    5
  0.00025633  0.00000000   -0.00029393 -0.00000000   -0.00036204 -0.00000000
 -0.00020962 -0.00000000    0.00015346  0.00000000    0.00018995  0.00000000
 -0.00269345 -0.00000000    0.00169052  0.00000000    0.00153330  0.00000000
   10    6
  0.00025633  0.00000000    0.00029393  0.00000000    0.00036204  0.00000000
  0.00020962  0.00000000    0.00015346  0.00000000    0.00018995  0.00000000
  0.00269345  0.00000000    0.00169052  0.00000000    0.00153330  0.00000000
   10    7
 -0.05246338  0.00000000    0.00000000  0.00000000    0.00000000  0.00000000
  0.00000000  0.00000000   -0.05600834  0.00000000   -0.00186609  0.00000000
  0.00000000  0.00000000   -0.00538720  0.00000000    0.02236103 -0.00000000
   10    8
 -0.00684634 -0.00000000    0.00000000  0.00000000    0.00000000  0.00000000
  0.00000000  0.00000000   -0.00602197 -0.00000000    0.00222297  0.00000000
  0.00000000  0.00000000    0.00067175  0.00000000   -0.00089660 -0.00000000
   10    9
 -0.03033115  0.00000000    0.00000000  0.00000000    0.00000000  0.00000000
  0.00000000  0.00000000    0.03598616 -0.00000000   -0.01104816  0.00000000
  0.00000000  0.00000000   -0.00172696  0.00000000   -0.02537196  0.00000000
   10   10
  1.09966135  0.00000000    0.00000000  0.00000000    0.00000000  0.00000000
  0.00000000  0.00000000    0.52417997  0.00000000    0.30145496  0.00000000
  0.00000000  0.00000000    0.30145496  0.00000000    0.32628434  0.00000000
   10   11
 -0.49851997  0.00000000    0.28949192  0.00000000    0.20109140  0.00000000
  0.22406785  0.00000000   -0.24552051  0.00000000   -0.14433655  0.00000000
  0.16589740  0.00000000   -0.14967326  0.00000000   -0.14598331  0.00000000
   10   12
 -0.49851997  0.00000000   -0.28949192  0.00000000   -0.20109140  0.00000000
 -0.22406785  0.00000000   -0.24552051  0.00000000   -0.14433655  0.00000000
 -0.16589740  0.00000000   -0.14967326  0.00000000   -0.14598331  0.00000000
   11    1
 -0.00071053 -0.00000000    0.00004586  0.00000000   -0.00557130 -0.00000000
  0.00029480  0.00000000    0.00030983  0.00000000    0.00314253  0.00000000
 -0.00224683 -0.00000000    0.00146726  0.00000000   -0.00558608 -0.00000000
   11    2
  0.00189303 -0.00000000   -0.00025216  0.00000000    0.00866858 -0.00000000
 -0.00106307  0.00000000   -0.00048407  0.00000000   -0.00408264  0.00000000
  0.00796479 -0.00000000   -0.00462776  0.00000000    0.00476464 -0.00000000
   11    3
  0.00006540  0.00000000    0.00015932  0.00000000    0.00000202  0.00000000
  0.00016522  0.00000000   -0.00002804 -0.00000000    0.00011978  0.00000000
 -0.00012435 -0.00000000   -0.00000593 -0.00000000    0.00026560  0.00000000
   11    4
 -0.00025633 -0.00000000    0.00020962  0.00000000   -0.00269345 -0.00000000
  0.00029393  0.00000000   -0.00015346 -0.00000000    0.00169052  0.00000000
 -0.00036204 -0.00000000    0.00018995  0.00000000   -0.00153330 -0.00000000
   11    5
 -0.00000000  0.00000000    0.00010584  0.00000000    0.00003736  0.00000000
 -0.00010584 -0.00000000    0.00000000  0.00000000    0.00006490  0.00000000
  0.00003736  0.00000000    0.00006490  0.00000000   -0.00000000  0.00000000
   11    6
 -0.00000000 -0.00000000    0.00003198  0.00000000   -0.00000441 -0.00000000
  0.00003198  0.00000000   -0.00000000  0.00000000    0.00010632  0.00000000
  0.00000441  0.00000000    0.00010632  0.00000000   -0.00000000  0.00000000
   11    7
  0.01519010 -0.00000000   -0.02500382  0.00000000   -0.00338670  0.00000000
 -0.02608514  0.00000000   -0.00719034  0.00000000    0.00917492 -0.00000000
 -0.01525063  0.00000000    0.01514442 -0.00000000   -0.02457185  0.00000000
   11    8
  0.00366630  0.00000000   -0.00450391 -0.00000000    0.00612147  0.00000000
 -0.00329065 -0.00000000    0.00113724  0.00000000   -0.00485589 -0.00000000
  0.00638538  0.00000000   -0.00391664 -0.00000000    0.00056133  0.00000000
   11    9
  0.00590757 -0.00000000    0.02367835 -0.00000000   -0.01524236  0.00000000
  0.01215353 -0.00000000   -0.01389603  0.00000000   -0.00266013  0.00000000
 -0.00928622  0.00000000   -0.01104334  0.00000000    0.01081278 -0.00000000
   11   10
 -0.49851997  0.00000000    0.22406785  0.00000000    0.16589740  0.00000000
  0.28949192  0.00000000   -0.24552051  0.00000000   -0.14967326  0.00000000
  0.20109140  0.00000000   -0.14433655  0.00000000   -0.14598331  0.00000000
   11   11
  0.53634310  0.00000000   -0.24511309  0.00000000   -0.17099531  0.00000000
 -0.24511309  0.00000000    0.23950151  0.00000000    0.12659555  0.00000000
 -0.17099531  0.00000000    0.12659555  0.00000000    0.14687926  0.00000000
   11   12
 -0.06360476  0.00000000    0.02675662  0.00000000    0.01719851  0.00000000
 -0.02675662  0.00000000    0.02628621  0.00000000    0.02052802  0.00000000
 -0.01719851  0.00000000    0.02052802  0.00000000    0.01484940  0.00000000
   12    1
 -0.00071053 -0.00000000   -0.00004586 -0.00000000    0.00557130  0.00000000
 -0.00029480 -0.00000000    0.00030983  0.00000000    0.00314253  0.00000000
  0.00224683  0.00000000    0.00146726  0.00000000   -0.00558608 -0.00000000
   12    2
  0.00189303 -0.00000000    0.00025216 -0.00000000   -0.00866858  0.00000000
  0.00106307 -0.00000000   -0.00048407  0.00000000   -0.00408264  0.00000000
 -0.00796479  0.00000000   -0.00462776  0.00000000    0.00476464 -0.00000000
   12    3
  0.00006540  0.00000000   -0.00015932 -0.00000000   -0.00000202 -0.00000000
 -0.00016522 -0.00000000   -0.00002804 -0.00000000    0.00011978  0.00000000
  0.00012435  0.00000000   -0.00000593 -0.00000000    0.00026560  0.00000000
   12    4
 -0.00025633 -0.00000000   -0.00020962 -0.00000000    0.00269345  0.00000000
 -0.00029393 -0.00000000   -0.00015346 -0.00000000    0.00169052  0.00000000
  0.00036204  0.00000000    0.00018995  0.00000000   -0.00153330 -0.00000000
   12    5
 -0.00000000 -0.00000000   -0.00003198 -0.00000000    0.00000441  0.00000000
 -0.00003198 -0.00000000    0.00000000 -0.00000000    0.00010632  0.00000000
 -0.00000441 -0.00000000    0.00010632  0.00000000   -0.00000000  0.00000000
   12    6
 -0.00000000  0.00000000   -0.00010584 -0.00000000   -0.00003736 -0.00000000
  0.00010584  0.00000000    0.00000000  0.00000000    0.00006490  0.00000000
 -0.00003736 -0.00000000    0.00006490  0.00000000   -0.00000000  0.00000000
   12    7
  0.01519010 -0.00000000    0.02500382 -0.00000000    0.00338670 -0.00000000
  0.02608514 -0.00000000   -0.00719034  0.00000000    0.00917492 -0.00000000
  0.01525063 -0.00000000    0.01514442 -0.00000000   -0.02457185  0.00000000
   12    8
  0.00366630  0.00000000    0.00450391  0.00000000   -0.00612147 -0.00000000
  0.00329065  0.00000000    0.00113724  0.00000000   -0.00485589 -0.00000000
 -0.00638538 -0.00000000   -0.00391664 -0.00000000    0.00056133  0.00000000
   12    9
  0.00590757 -0.00000000   -0.02367835  0.00000000    0.01524236 -0.00000000
 -0.01215353  0.00000000   -0.01389603  0.00000000   -0.00266013  0.00000000
  0.00928622 -0.00000000   -0.01104334  0.00000000    0.01081278 -0.00000000
   12   10
 -0.49851997  0.00000000   -0.22406785  0.00000000   -0.16589740  0.00000000
 -0.28949192  0.00000000   -0.24552051  0.00000000   -0.14967326  0.00000000
 -0.20109140  0.00000000   -0.14433655  0.00000000   -0.14598331  0.00000000
   12   11
 -0.06360476  0.00000000   -0.02675662  0.00000000   -0.01719851  0.00000000
  0.02675662  0.00000000    0.02628621  0.00000000    0.02052802  0.00000000
  0.01719851  0.00000000    0.02052802  0.00000000    0.01484940  0.00000000
   12   12
  0.53634310  0.00000000    0.24511309  0.00000000    0.17099531  0.00000000
  0.24511309  0.00000000    0.23950151  0.00000000    0.12659555  0.00000000
  0.17099531  0.00000000    0.12659555  0.00000000    0.14687926  0.00000000

     Diagonalizing the dynamical matrix

     q = (    0.000000000   0.000000000  -0.313155879 ) 

 **************************************************************************
     freq (    1) =       1.595628 [THz] =      53.224412 [cm-1]
 (  0.150219 -0.000000 -0.000000  0.000000  0.000000 -0.000000 ) 
 ( -0.012650  0.000000 -0.000000  0.000000  0.000000 -0.000000 ) 
 (  0.165376 -0.000000 -0.000000  0.000000  0.000000 -0.000000 ) 
 ( -0.191702  0.000000  0.000000 -0.000000 -0.000000  0.000000 ) 
 ( -0.191308  0.000000  0.008817 -0.000000  0.004645 -0.000000 ) 
 ( -0.191308  0.000000 -0.008817  0.000000 -0.004645  0.000000 ) 
 ( -0.396091  0.000000  0.000000 -0.000000 -0.000000  0.000000 ) 
 ( -0.314767  0.000000  0.000000 -0.000000 -0.000000  0.000000 ) 
 ( -0.393258  0.000000  0.000000 -0.000000 -0.000000  0.000000 ) 
 ( -0.362731  0.000000  0.000000 -0.000000 -0.000000  0.000000 ) 
 ( -0.383066  0.000000 -0.004627  0.000000 -0.045084  0.000000 ) 
 ( -0.383066  0.000000  0.004627 -0.000000  0.045084 -0.000000 ) 
     freq (    2) =       1.595628 [THz] =      53.224412 [cm-1]
 ( -0.396091  0.000000 -0.000000  0.000000 -0.000000  0.000000 ) 
 ( -0.314767  0.000000 -0.000000  0.000000 -0.000000  0.000000 ) 
 ( -0.393258  0.000000 -0.000000  0.000000 -0.000000  0.000000 ) 
 (  0.362731  0.000000  0.000000  0.000000  0.000000  0.000000 ) 
 (  0.383066  0.000000  0.004627  0.000000 -0.045084  0.000000 ) 
 (  0.383066  0.000000 -0.004627  0.000000  0.045084  0.000000 ) 
 ( -0.150219  0.000000 -0.000000  0.000000  0.000000  0.000000 ) 
 (  0.012650  0.000000 -0.000000  0.000000  0.000000  0.000000 ) 
 ( -0.165376  0.000000 -0.000000  0.000000 -0.000000  0.000000 ) 
 ( -0.191702  0.000000 -0.000000  0.000000 -0.000000  0.000000 ) 
 ( -0.191308  0.000000  0.008817  0.000000 -0.004645  0.000000 ) 
 ( -0.191308  0.000000 -0.008817  0.000000  0.004645  0.000000 ) 
     freq (    3) =       1.657506 [THz] =      55.288455 [cm-1]
 ( -0.000000  0.000000 -0.391052  0.000000 -0.009391  0.000000 ) 
 ( -0.000000  0.000000 -0.271385  0.000000 -0.008013  0.000000 ) 
 ( -0.000000  0.000000 -0.414887  0.000000  0.067319 -0.000000 ) 
 (  0.000000 -0.000000  0.393134 -0.000000 -0.029819  0.000000 ) 
 ( -0.002228  0.000000  0.412821 -0.000000  0.003616 -0.000000 ) 
 (  0.002228 -0.000000  0.412821 -0.000000  0.003616 -0.000000 ) 
 (  0.000000 -0.000000  0.125431 -0.000000 -0.032912  0.000000 ) 
 (  0.000000 -0.000000  0.172162 -0.000000 -0.033091  0.000000 ) 
 (  0.000000 -0.000000  0.120393 -0.000000 -0.052780  0.000000 ) 
 (  0.000000 -0.000000  0.097150 -0.000000 -0.021341  0.000000 ) 
 ( -0.000639  0.000000  0.106904 -0.000000 -0.036797  0.000000 ) 
 (  0.000639 -0.000000  0.106904 -0.000000 -0.036797  0.000000 ) 
     freq (    4) =       1.657506 [THz] =      55.288455 [cm-1]
 ( -0.000000  0.000000  0.125431  0.000000  0.032912  0.000000 ) 
 ( -0.000000  0.000000  0.172162  0.000000  0.033091  0.000000 ) 
 ( -0.000000  0.000000  0.120393  0.000000  0.052780  0.000000 ) 
 (  0.000000  0.000000 -0.097150  0.000000 -0.021341  0.000000 ) 
 (  0.000639  0.000000 -0.106904  0.000000 -0.036797  0.000000 ) 
 ( -0.000639  0.000000 -0.106904  0.000000 -0.036797  0.000000 ) 
 (  0.000000  0.000000  0.391052  0.000000 -0.009391  0.000000 ) 
 (  0.000000  0.000000  0.271385  0.000000 -0.008013  0.000000 ) 
 (  0.000000  0.000000  0.414887  0.000000  0.067319  0.000000 ) 
 (  0.000000  0.000000  0.393134  0.000000  0.029819  0.000000 ) 
 ( -0.002228  0.000000  0.412821  0.000000 -0.003616  0.000000 ) 
 (  0.002228  0.000000  0.412821  0.000000 -0.003616  0.000000 ) 
     freq (    5) =       3.142038 [THz] =     104.807121 [cm-1]
 ( -0.000000  0.000000 -0.005760  0.000000 -0.275613  0.000000 ) 
 ( -0.000000  0.000000  0.008907  0.000000 -0.280705  0.000000 ) 
 ( -0.000000  0.000000 -0.001816  0.000000 -0.276334  0.000000 ) 
 ( -0.000000  0.000000  0.028255  0.000000  0.419309  0.000000 ) 
 (  0.006282  0.000000  0.006383  0.000000  0.379071  0.000000 ) 
 ( -0.006282  0.000000  0.006383  0.000000  0.379071  0.000000 ) 
 ( -0.000000  0.000000  0.021377  0.000000  0.327237  0.000000 ) 
 ( -0.000000  0.000000  0.041464  0.000000  0.324598  0.000000 ) 
 ( -0.000000  0.000000 -0.003299  0.000000  0.281159  0.000000 ) 
 ( -0.000000  0.000000  0.051441  0.000000 -0.076401  0.000000 ) 
 (  0.018986  0.000000 -0.002163  0.000000  0.029135  0.000000 ) 
 ( -0.018986  0.000000 -0.002163  0.000000  0.029135  0.000000 ) 
     freq (    6) =       3.142038 [THz] =     104.807121 [cm-1]
 ( -0.000000  0.000000 -0.021377  0.000000  0.327237  0.000000 ) 
 (  0.000000  0.000000 -0.041464  0.000000  0.324598  0.000000 ) 
 ( -0.000000  0.000000  0.003299  0.000000  0.281159  0.000000 ) 
 (  0.000000  0.000000  0.051441  0.000000  0.076401  0.000000 ) 
 (  0.018986  0.000000 -0.002163  0.000000 -0.029135  0.000000 ) 
 ( -0.018986  0.000000 -0.002163  0.000000 -0.029135  0.000000 ) 
 (  0.000000  0.000000 -0.005760  0.000000  0.275613  0.000000 ) 
 (  0.000000  0.000000  0.008907  0.000000  0.280705  0.000000 ) 
 (  0.000000  0.000000 -0.001816  0.000000  0.276334  0.000000 ) 
 (  0.000000  0.000000 -0.028255  0.000000  0.419309  0.000000 ) 
 ( -0.006282  0.000000 -0.006383  0.000000  0.379071  0.000000 ) 
 (  0.006282  0.000000 -0.006383  0.000000  0.379071  0.000000 ) 
     freq (    7) =       6.522806 [THz] =     217.577399 [cm-1]
 (  0.244529 -0.000000 -0.000000  0.000000  0.000000 -0.000000 ) 
 (  0.333211 -0.000000 -0.000000  0.000000  0.000000 -0.000000 ) 
 (  0.042807 -0.000000  0.000000 -0.000000  0.000000 -0.000000 ) 
 (  0.289794 -0.000000  0.000000 -0.000000  0.000000 -0.000000 ) 
 (  0.271070 -0.000000 -0.079184  0.000000  0.004746  0.000000 ) 
 (  0.271070 -0.000000  0.079184 -0.000000 -0.004746  0.000000 ) 
 ( -0.417175  0.000000  0.000000  0.000000  0.000000 -0.000000 ) 
 ( -0.166160  0.000000  0.000000  0.000000  0.000000 -0.000000 ) 
 ( -0.143029  0.000000 -0.000000  0.000000  0.000000  0.000000 ) 
 (  0.367724  0.000000  0.000000  0.000000 -0.000000  0.000000 ) 
 (  0.293842  0.000000 -0.110745  0.000000 -0.121001  0.000000 ) 
 (  0.293842  0.000000  0.110745  0.000000  0.121001 -0.000000 ) 
     freq (    8) =       6.522806 [THz] =     217.577399 [cm-1]
 ( -0.417175  0.000000 -0.000000  0.000000 -0.000000  0.000000 ) 
 ( -0.166160  0.000000 -0.000000  0.000000 -0.000000  0.000000 ) 
 ( -0.143029  0.000000 -0.000000  0.000000 -0.000000  0.000000 ) 
 ( -0.367724  0.000000 -0.000000  0.000000 -0.000000  0.000000 ) 
 ( -0.293842  0.000000  0.110745  0.000000 -0.121001  0.000000 ) 
 ( -0.293842  0.000000 -0.110745  0.000000  0.121001 -0.000000 ) 
 ( -0.244529  0.000000  0.000000 -0.000000 -0.000000  0.000000 ) 
 ( -0.333211  0.000000  0.000000 -0.000000 -0.000000  0.000000 ) 
 ( -0.042807  0.000000  0.000000  0.000000  0.000000 -0.000000 ) 
 (  0.289794 -0.000000  0.000000 -0.000000  0.000000  0.000000 ) 
 (  0.271070 -0.000000 -0.079184  0.000000 -0.004746  0.000000 ) 
 (  0.271070 -0.000000  0.079184 -0.000000  0.004746  0.000000 ) 
     freq (    9) =       7.580697 [THz] =     252.864824 [cm-1]
 (  0.000000  0.000000 -0.149262  0.000000 -0.139084  0.000000 ) 
 ( -0.000000  0.000000 -0.026728  0.000000 -0.139431  0.000000 ) 
 ( -0.000000  0.000000 -0.213080  0.000000 -0.011810  0.000000 ) 
 (  0.000000  0.000000 -0.152172  0.000000 -0.430873  0.000000 ) 
 ( -0.006943  0.000000 -0.033557  0.000000 -0.262591  0.000000 ) 
 (  0.006943  0.000000 -0.033557  0.000000 -0.262591  0.000000 ) 
 ( -0.000000  0.000000 -0.130834  0.000000  0.397208  0.000000 ) 
 (  0.000000  0.000000 -0.117549  0.000000  0.413175  0.000000 ) 
 ( -0.000000  0.000000 -0.173638  0.000000  0.336087  0.000000 ) 
 (  0.000000  0.000000  0.150667  0.000000 -0.084781  0.000000 ) 
 (  0.006163  0.000000  0.065873  0.000000  0.034957  0.000000 ) 
 ( -0.006163  0.000000  0.065873  0.000000  0.034957  0.000000 ) 
     freq (   10) =       7.580697 [THz] =     252.864824 [cm-1]
 ( -0.000000  0.000000  0.130834  0.000000  0.397208  0.000000 ) 
 ( -0.000000  0.000000  0.117549  0.000000  0.413175  0.000000 ) 
 ( -0.000000  0.000000  0.173638  0.000000  0.336087  0.000000 ) 
 ( -0.000000  0.000000  0.150667  0.000000  0.084781  0.000000 ) 
 (  0.006163  0.000000  0.065873  0.000000 -0.034957  0.000000 ) 
 ( -0.006163  0.000000  0.065873  0.000000 -0.034957  0.000000 ) 
 (  0.000000  0.000000 -0.149262  0.000000  0.139084  0.000000 ) 
 ( -0.000000  0.000000 -0.026728  0.000000  0.139431  0.000000 ) 
 (  0.000000  0.000000 -0.213080  0.000000  0.011810  0.000000 ) 
 ( -0.000000  0.000000  0.152172  0.000000 -0.430873  0.000000 ) 
 (  0.006943  0.000000  0.033557  0.000000 -0.262591  0.000000 ) 
 ( -0.006943  0.000000  0.033557  0.000000 -0.262591  0.000000 ) 
     freq (   11) =       9.334877 [THz] =     311.377977 [cm-1]
 ( -0.000000  0.000000 -0.367436  0.000000  0.134679  0.000000 ) 
 ( -0.000000  0.000000 -0.309184  0.000000  0.131879  0.000000 ) 
 ( -0.000000  0.000000 -0.353848  0.000000  0.083016  0.000000 ) 
 (  0.000000 -0.000000 -0.357524  0.000000  0.187258 -0.000000 ) 
 (  0.038389  0.000000 -0.270177  0.000000  0.208955 -0.000000 ) 
 ( -0.038389  0.000000 -0.270177  0.000000  0.208955 -0.000000 ) 
 (  0.000000 -0.000000 -0.131492  0.000000 -0.130282  0.000000 ) 
 (  0.000000 -0.000000 -0.258335  0.000000 -0.127018  0.000000 ) 
 (  0.000000  0.000000 -0.093685  0.000000 -0.001634  0.000000 ) 
 ( -0.000000  0.000000  0.161365 -0.000000 -0.018125  0.000000 ) 
 ( -0.016066  0.000000  0.150193 -0.000000 -0.048481  0.000000 ) 
 (  0.016066 -0.000000  0.150193 -0.000000 -0.048481  0.000000 ) 
     freq (   12) =       9.334877 [THz] =     311.377977 [cm-1]
 (  0.000000  0.000000 -0.131492  0.000000  0.130282  0.000000 ) 
 ( -0.000000  0.000000 -0.258335  0.000000  0.127018  0.000000 ) 
 (  0.000000  0.000000 -0.093685  0.000000  0.001634  0.000000 ) 
 ( -0.000000  0.000000 -0.161365  0.000000 -0.018125  0.000000 ) 
 (  0.016066  0.000000 -0.150193  0.000000 -0.048481  0.000000 ) 
 ( -0.016066  0.000000 -0.150193  0.000000 -0.048481  0.000000 ) 
 ( -0.000000  0.000000  0.367436  0.000000  0.134679  0.000000 ) 
 ( -0.000000  0.000000  0.309184  0.000000  0.131879  0.000000 ) 
 (  0.000000  0.000000  0.353848  0.000000  0.083016  0.000000 ) 
 ( -0.000000  0.000000 -0.357524  0.000000 -0.187258  0.000000 ) 
 (  0.038389  0.000000 -0.270177  0.000000 -0.208955  0.000000 ) 
 ( -0.038389  0.000000 -0.270177  0.000000 -0.208955  0.000000 ) 
     freq (   13) =      18.471222 [THz] =     616.133660 [cm-1]
 ( -0.004754  0.000000  0.000000  0.000000 -0.000000  0.000000 ) 
 (  0.063205 -0.000000 -0.000000  0.000000 -0.000000  0.000000 ) 
 (  0.024334  0.000000  0.000000  0.000000 -0.000000  0.000000 ) 
 ( -0.002262  0.000000  0.000000  0.000000 -0.000000  0.000000 ) 
 (  0.011195  0.000000  0.017535  0.000000 -0.006300  0.000000 ) 
 (  0.011195  0.000000 -0.017535  0.000000  0.006300 -0.000000 ) 
 ( -0.008301  0.000000  0.000000 -0.000000 -0.000000  0.000000 ) 
 (  0.043901  0.000000 -0.000000  0.000000 -0.000000  0.000000 ) 
 (  0.519548 -0.000000  0.000000 -0.000000  0.000000 -0.000000 ) 
 (  0.015990  0.000000 -0.000000  0.000000  0.000000  0.000000 ) 
 ( -0.328090  0.000000 -0.496918  0.000000 -0.080988  0.000000 ) 
 ( -0.328090  0.000000  0.496918 -0.000000  0.080988  0.000000 ) 
     freq (   14) =      18.471222 [THz] =     616.133660 [cm-1]
 (  0.008301  0.000000  0.000000 -0.000000  0.000000 -0.000000 ) 
 ( -0.043901  0.000000 -0.000000  0.000000  0.000000 -0.000000 ) 
 ( -0.519548  0.000000  0.000000 -0.000000 -0.000000  0.000000 ) 
 (  0.015990  0.000000  0.000000 -0.000000  0.000000  0.000000 ) 
 ( -0.328090  0.000000 -0.496918  0.000000  0.080988  0.000000 ) 
 ( -0.328090  0.000000  0.496918 -0.000000 -0.080988  0.000000 ) 
 ( -0.004754  0.000000 -0.000000  0.000000 -0.000000  0.000000 ) 
 (  0.063205 -0.000000  0.000000  0.000000 -0.000000  0.000000 ) 
 (  0.024334  0.000000 -0.000000  0.000000 -0.000000  0.000000 ) 
 (  0.002262 -0.000000 -0.000000  0.000000  0.000000 -0.000000 ) 
 ( -0.011195  0.000000 -0.017535  0.000000 -0.006300  0.000000 ) 
 ( -0.011195  0.000000  0.017535  0.000000  0.006300 -0.000000 ) 
     freq (   15) =      19.523571 [THz] =     651.236223 [cm-1]
 (  0.000000  0.000000 -0.007091  0.000000 -0.014232  0.000000 ) 
 ( -0.000000  0.000000  0.604046  0.000000 -0.002952  0.000000 ) 
 ( -0.000000  0.000000 -0.194147  0.000000  0.590744  0.000000 ) 
 (  0.000000  0.000000 -0.021441  0.000000 -0.013951  0.000000 ) 
 (  0.004549  0.000000  0.182786  0.000000  0.270318  0.000000 ) 
 ( -0.004549  0.000000  0.182786  0.000000  0.270318  0.000000 ) 
 ( -0.000000  0.000000  0.012613  0.000000 -0.005312  0.000000 ) 
 (  0.000000  0.000000 -0.141567  0.000000 -0.005463  0.000000 ) 
 ( -0.000000  0.000000  0.046984  0.000000  0.105263  0.000000 ) 
 (  0.000000  0.000000 -0.019368  0.000000 -0.004710  0.000000 ) 
 (  0.004612  0.000000 -0.015887  0.000000  0.004675  0.000000 ) 
 ( -0.004612  0.000000 -0.015887  0.000000  0.004675  0.000000 ) 
     freq (   16) =      19.523571 [THz] =     651.236223 [cm-1]
 (  0.000000  0.000000  0.012613  0.000000  0.005312  0.000000 ) 
 ( -0.000000  0.000000 -0.141567  0.000000  0.005463  0.000000 ) 
 ( -0.000000  0.000000  0.046984  0.000000 -0.105263  0.000000 ) 
 (  0.000000  0.000000  0.019368  0.000000 -0.004710  0.000000 ) 
 ( -0.004612  0.000000  0.015887  0.000000  0.004675  0.000000 ) 
 (  0.004612  0.000000  0.015887  0.000000  0.004675  0.000000 ) 
 (  0.000000  0.000000  0.007091  0.000000 -0.014232  0.000000 ) 
 ( -0.000000  0.000000 -0.604046  0.000000 -0.002952  0.000000 ) 
 ( -0.000000  0.000000  0.194147  0.000000  0.590744  0.000000 ) 
 ( -0.000000  0.000000 -0.021441  0.000000  0.013951  0.000000 ) 
 (  0.004549  0.000000  0.182786  0.000000 -0.270318  0.000000 ) 
 ( -0.004549  0.000000  0.182786  0.000000 -0.270318  0.000000 ) 
     freq (   17) =      20.520270 [THz] =     684.482544 [cm-1]
 ( -0.012160  0.000000  0.000000  0.000000  0.000000  0.000000 ) 
 ( -0.353083  0.000000 -0.000000  0.000000 -0.000000  0.000000 ) 
 (  0.336485  0.000000  0.000000  0.000000 -0.000000  0.000000 ) 
 (  0.015929  0.000000  0.000000  0.000000  0.000000  0.000000 ) 
 ( -0.163992  0.000000  0.062756  0.000000  0.512044  0.000000 ) 
 ( -0.163992  0.000000 -0.062756  0.000000 -0.512044  0.000000 ) 
 ( -0.024619  0.000000 -0.000000  0.000000  0.000000  0.000000 ) 
 (  0.417542  0.000000  0.000000  0.000000  0.000000  0.000000 ) 
 (  0.002438  0.000000 -0.000000  0.000000 -0.000000  0.000000 ) 
 (  0.012070  0.000000  0.000000  0.000000  0.000000  0.000000 ) 
 (  0.007188  0.000000  0.001945  0.000000 -0.015140  0.000000 ) 
 (  0.007188  0.000000 -0.001945  0.000000  0.015140  0.000000 ) 
     freq (   18) =      20.520270 [THz] =     684.482544 [cm-1]
 (  0.024619  0.000000 -0.000000  0.000000 -0.000000  0.000000 ) 
 ( -0.417542  0.000000  0.000000  0.000000 -0.000000  0.000000 ) 
 ( -0.002438  0.000000 -0.000000  0.000000  0.000000  0.000000 ) 
 (  0.012070  0.000000 -0.000000  0.000000  0.000000  0.000000 ) 
 (  0.007188  0.000000  0.001945  0.000000  0.015140  0.000000 ) 
 (  0.007188  0.000000 -0.001945  0.000000 -0.015140  0.000000 ) 
 ( -0.012160  0.000000 -0.000000  0.000000 -0.000000  0.000000 ) 
 ( -0.353083  0.000000  0.000000  0.000000 -0.000000  0.000000 ) 
 (  0.336485  0.000000 -0.000000  0.000000 -0.000000  0.000000 ) 
 ( -0.015929  0.000000  0.000000  0.000000 -0.000000  0.000000 ) 
 (  0.163992  0.000000 -0.062756  0.000000  0.512044  0.000000 ) 
 (  0.163992  0.000000  0.062756  0.000000 -0.512044  0.000000 ) 
     freq (   19) =      27.627585 [THz] =     921.557050 [cm-1]
 (  0.021622 -0.000000 -0.000000  0.000000  0.000000 -0.000000 ) 
 ( -0.536121  0.000000  0.000000 -0.000000  0.000000 -0.000000 ) 
 ( -0.017396  0.000000 -0.000000  0.000000  0.000000 -0.000000 ) 
 (  0.011005 -0.000000  0.000000  0.000000  0.000000 -0.000000 ) 
 ( -0.001892  0.000000  0.011573  0.000000  0.046353 -0.000000 ) 
 ( -0.001892  0.000000 -0.011573  0.000000 -0.046353  0.000000 ) 
 (  0.048555 -0.000000 -0.000000  0.000000  0.000000 -0.000000 ) 
 ( -0.531657  0.000000  0.000000 -0.000000  0.000000 -0.000000 ) 
 ( -0.476079  0.000000 -0.000000  0.000000 -0.000000  0.000000 ) 
 (  0.036645 -0.000000  0.000000 -0.000000  0.000000 -0.000000 ) 
 ( -0.153626  0.000000 -0.170457  0.000000 -0.210697  0.000000 ) 
 ( -0.153626  0.000000  0.170457 -0.000000  0.210697 -0.000000 ) 
     freq (   20) =      27.627585 [THz] =     921.557050 [cm-1]
 (  0.048555  0.000000 -0.000000  0.000000 -0.000000  0.000000 ) 
 ( -0.531657  0.000000  0.000000  0.000000 -0.000000  0.000000 ) 
 ( -0.476079  0.000000 -0.000000  0.000000  0.000000  0.000000 ) 
 ( -0.036645  0.000000  0.000000  0.000000  0.000000  0.000000 ) 
 (  0.153626  0.000000  0.170457  0.000000 -0.210697  0.000000 ) 
 (  0.153626  0.000000 -0.170457  0.000000  0.210697  0.000000 ) 
 ( -0.021622  0.000000 -0.000000  0.000000  0.000000  0.000000 ) 
 (  0.536121  0.000000 -0.000000  0.000000  0.000000  0.000000 ) 
 (  0.017396  0.000000 -0.000000  0.000000  0.000000  0.000000 ) 
 (  0.011005  0.000000  0.000000  0.000000 -0.000000  0.000000 ) 
 ( -0.001892  0.000000  0.011573  0.000000 -0.046353  0.000000 ) 
 ( -0.001892  0.000000 -0.011573  0.000000  0.046353  0.000000 ) 
     freq (   21) =      28.681706 [THz] =     956.718725 [cm-1]
 ( -0.000000  0.000000 -0.025166  0.000000 -0.028070  0.000000 ) 
 (  0.000000  0.000000  0.356122  0.000000 -0.031843  0.000000 ) 
 (  0.000000  0.000000 -0.129012  0.000000  0.274575  0.000000 ) 
 (  0.000000  0.000000  0.032020  0.000000  0.048924  0.000000 ) 
 (  0.001105  0.000000 -0.357771  0.000000 -0.503269  0.000000 ) 
 ( -0.001105  0.000000 -0.357771  0.000000 -0.503269  0.000000 ) 
 ( -0.000000  0.000000 -0.002950  0.000000 -0.004479  0.000000 ) 
 (  0.000000  0.000000 -0.032165  0.000000  0.010301  0.000000 ) 
 (  0.000000  0.000000  0.018354  0.000000  0.062457  0.000000 ) 
 ( -0.000000  0.000000 -0.009037  0.000000  0.000348  0.000000 ) 
 (  0.004895  0.000000  0.034479  0.000000 -0.049047  0.000000 ) 
 ( -0.004895  0.000000  0.034479  0.000000 -0.049047  0.000000 ) 
     freq (   22) =      28.681706 [THz] =     956.718725 [cm-1]
 ( -0.000000  0.000000  0.002950  0.000000 -0.004479  0.000000 ) 
 (  0.000000  0.000000  0.032165  0.000000  0.010301  0.000000 ) 
 ( -0.000000  0.000000 -0.018354  0.000000  0.062457  0.000000 ) 
 ( -0.000000  0.000000 -0.009037  0.000000 -0.000348  0.000000 ) 
 (  0.004895  0.000000  0.034479  0.000000  0.049047  0.000000 ) 
 ( -0.004895  0.000000  0.034479  0.000000  0.049047  0.000000 ) 
 ( -0.000000  0.000000 -0.025166  0.000000  0.028070  0.000000 ) 
 (  0.000000  0.000000  0.356122  0.000000  0.031843  0.000000 ) 
 ( -0.000000  0.000000 -0.129012  0.000000 -0.274575  0.000000 ) 
 ( -0.000000  0.000000 -0.032020  0.000000  0.048924  0.000000 ) 
 ( -0.001105  0.000000  0.357771  0.000000 -0.503269  0.000000 ) 
 (  0.001105  0.000000  0.357771  0.000000 -0.503269  0.000000 ) 
     freq (   23) =      31.597365 [THz] =    1053.974632 [cm-1]
 (  0.013213  0.000000 -0.000000  0.000000 -0.000000  0.000000 ) 
 (  0.279284  0.000000  0.000000  0.000000 -0.000000  0.000000 ) 
 ( -0.611424  0.000000 -0.000000  0.000000  0.000000  0.000000 ) 
 ( -0.009866  0.000000  0.000000  0.000000  0.000000  0.000000 ) 
 (  0.033890  0.000000  0.329434  0.000000  0.369555  0.000000 ) 
 (  0.033890  0.000000 -0.329434  0.000000 -0.369555  0.000000 ) 
 (  0.005961  0.000000  0.000000  0.000000 -0.000000  0.000000 ) 
 ( -0.229941  0.000000 -0.000000  0.000000  0.000000  0.000000 ) 
 (  0.043209  0.000000  0.000000  0.000000  0.000000  0.000000 ) 
 ( -0.005797  0.000000  0.000000  0.000000  0.000000  0.000000 ) 
 (  0.005229  0.000000  0.016054  0.000000  0.003074  0.000000 ) 
 (  0.005229  0.000000 -0.016054  0.000000 -0.003074  0.000000 ) 
     freq (   24) =      31.597365 [THz] =    1053.974632 [cm-1]
 ( -0.005961  0.000000  0.000000  0.000000 -0.000000  0.000000 ) 
 (  0.229941  0.000000 -0.000000  0.000000 -0.000000  0.000000 ) 
 ( -0.043209  0.000000  0.000000  0.000000 -0.000000  0.000000 ) 
 ( -0.005797  0.000000  0.000000  0.000000 -0.000000  0.000000 ) 
 (  0.005229  0.000000  0.016054  0.000000 -0.003074  0.000000 ) 
 (  0.005229  0.000000 -0.016054  0.000000  0.003074  0.000000 ) 
 (  0.013213  0.000000  0.000000  0.000000 -0.000000  0.000000 ) 
 (  0.279284  0.000000 -0.000000  0.000000 -0.000000  0.000000 ) 
 ( -0.611424  0.000000  0.000000  0.000000  0.000000  0.000000 ) 
 (  0.009866  0.000000  0.000000  0.000000 -0.000000  0.000000 ) 
 ( -0.033890  0.000000 -0.329434  0.000000  0.369555  0.000000 ) 
 ( -0.033890  0.000000  0.329434  0.000000 -0.369555  0.000000 ) 
     freq (   25) =      48.231754 [THz] =    1608.838132 [cm-1]
 ( -0.000000  0.000000 -0.007512  0.000000  0.007255  0.000000 ) 
 (  0.000000  0.000000  0.108394  0.000000 -0.006168  0.000000 ) 
 ( -0.000000  0.000000  0.035172  0.000000 -0.106535  0.000000 ) 
 ( -0.000000  0.000000 -0.008397  0.000000 -0.000549  0.000000 ) 
 (  0.033107  0.000000  0.050570  0.000000 -0.009547  0.000000 ) 
 ( -0.033107  0.000000  0.050570  0.000000 -0.009547  0.000000 ) 
 (  0.000000  0.000000 -0.042419  0.000000 -0.030841  0.000000 ) 
 (  0.000000  0.000000  0.529870  0.000000 -0.020998  0.000000 ) 
 ( -0.000000  0.000000  0.155748  0.000000  0.512952  0.000000 ) 
 ( -0.000000  0.000000 -0.032535  0.000000 -0.027103  0.000000 ) 
 (  0.274568  0.000000  0.272752  0.000000  0.218254  0.000000 ) 
 ( -0.274568  0.000000  0.272752  0.000000  0.218254  0.000000 ) 
     freq (   26) =      48.231754 [THz] =    1608.838132 [cm-1]
 ( -0.000000  0.000000  0.042419  0.000000 -0.030841  0.000000 ) 
 (  0.000000  0.000000 -0.529870  0.000000 -0.020998  0.000000 ) 
 (  0.000000  0.000000 -0.155748  0.000000  0.512952  0.000000 ) 
 ( -0.000000  0.000000 -0.032535  0.000000  0.027103  0.000000 ) 
 (  0.274568  0.000000  0.272752  0.000000 -0.218254  0.000000 ) 
 ( -0.274568  0.000000  0.272752  0.000000 -0.218254  0.000000 ) 
 ( -0.000000  0.000000 -0.007512  0.000000 -0.007255  0.000000 ) 
 ( -0.000000  0.000000  0.108394  0.000000  0.006168  0.000000 ) 
 ( -0.000000  0.000000  0.035172  0.000000  0.106535  0.000000 ) 
 ( -0.000000  0.000000  0.008397  0.000000 -0.000549  0.000000 ) 
 ( -0.033107  0.000000 -0.050570  0.000000 -0.009547  0.000000 ) 
 (  0.033107  0.000000 -0.050570  0.000000 -0.009547  0.000000 ) 
     freq (   27) =      50.050317 [THz] =    1669.498869 [cm-1]
 (  0.000000  0.000000  0.010784  0.000000 -0.007010  0.000000 ) 
 ( -0.000000  0.000000 -0.162676  0.000000 -0.008563  0.000000 ) 
 (  0.000000  0.000000 -0.043599  0.000000  0.138314  0.000000 ) 
 (  0.000000  0.000000  0.003754  0.000000  0.001786  0.000000 ) 
 ( -0.003987  0.000000 -0.016407  0.000000 -0.007597  0.000000 ) 
 (  0.003987  0.000000 -0.016407  0.000000 -0.007597  0.000000 ) 
 ( -0.000000  0.000000  0.025519  0.000000  0.018565  0.000000 ) 
 ( -0.000000  0.000000 -0.411039  0.000000  0.007826  0.000000 ) 
 (  0.000000  0.000000 -0.133510  0.000000 -0.409317  0.000000 ) 
 (  0.000000  0.000000 -0.037925  0.000000 -0.024839  0.000000 ) 
 (  0.323808  0.000000  0.364912  0.000000  0.243010  0.000000 ) 
 ( -0.323808  0.000000  0.364912  0.000000  0.243010  0.000000 ) 
     freq (   28) =      50.050317 [THz] =    1669.498869 [cm-1]
 (  0.000000  0.000000 -0.025519  0.000000  0.018565  0.000000 ) 
 (  0.000000  0.000000  0.411039  0.000000  0.007826  0.000000 ) 
 (  0.000000  0.000000  0.133510  0.000000 -0.409317  0.000000 ) 
 ( -0.000000  0.000000 -0.037925  0.000000  0.024839  0.000000 ) 
 (  0.323808  0.000000  0.364912  0.000000 -0.243010  0.000000 ) 
 ( -0.323808  0.000000  0.364912  0.000000 -0.243010  0.000000 ) 
 ( -0.000000  0.000000  0.010784  0.000000  0.007010  0.000000 ) 
 ( -0.000000  0.000000 -0.162676  0.000000  0.008563  0.000000 ) 
 (  0.000000  0.000000 -0.043599  0.000000 -0.138314  0.000000 ) 
 ( -0.000000  0.000000 -0.003754  0.000000  0.001786  0.000000 ) 
 (  0.003987  0.000000  0.016407  0.000000 -0.007597  0.000000 ) 
 ( -0.003987  0.000000  0.016407  0.000000 -0.007597  0.000000 ) 
     freq (   29) =      93.941676 [THz] =    3133.557000 [cm-1]
 ( -0.000000  0.000000  0.042952  0.000000  0.002112  0.000000 ) 
 (  0.000000  0.000000  0.013816  0.000000  0.221292  0.000000 ) 
 (  0.000000  0.000000 -0.676921  0.000000 -0.227052  0.000000 ) 
 (  0.000000  0.000000 -0.026096  0.000000  0.020576  0.000000 ) 
 ( -0.381720  0.000000  0.216937  0.000000 -0.148487  0.000000 ) 
 (  0.381720  0.000000  0.216937  0.000000 -0.148487  0.000000 ) 
 (  0.000000  0.000000  0.003863  0.000000  0.002271  0.000000 ) 
 (  0.000000  0.000000  0.000354  0.000000 -0.059492  0.000000 ) 
 ( -0.000000  0.000000 -0.060190  0.000000  0.022642  0.000000 ) 
 ( -0.000000  0.000000  0.001011  0.000000  0.000890  0.000000 ) 
 (  0.016913  0.000000 -0.009193  0.000000 -0.004049  0.000000 ) 
 ( -0.016913  0.000000 -0.009193  0.000000 -0.004049  0.000000 ) 
     freq (   30) =      93.941676 [THz] =    3133.557000 [cm-1]
 (  0.000000  0.000000  0.003863  0.000000 -0.002271  0.000000 ) 
 ( -0.000000  0.000000  0.000354  0.000000  0.059492  0.000000 ) 
 (  0.000000  0.000000 -0.060190  0.000000 -0.022642  0.000000 ) 
 (  0.000000  0.000000 -0.001011  0.000000  0.000890  0.000000 ) 
 ( -0.016913  0.000000  0.009193  0.000000 -0.004049  0.000000 ) 
 (  0.016913  0.000000  0.009193  0.000000 -0.004049  0.000000 ) 
 ( -0.000000  0.000000 -0.042952  0.000000  0.002112  0.000000 ) 
 ( -0.000000  0.000000 -0.013816  0.000000  0.221292  0.000000 ) 
 (  0.000000  0.000000  0.676921  0.000000 -0.227052  0.000000 ) 
 ( -0.000000  0.000000 -0.026096  0.000000 -0.020576  0.000000 ) 
 ( -0.381720  0.000000  0.216937  0.000000  0.148487  0.000000 ) 
 (  0.381720  0.000000  0.216937  0.000000  0.148487  0.000000 ) 
     freq (   31) =      96.373384 [THz] =    3214.670074 [cm-1]
 (  0.000033  0.000000  0.000000  0.000000  0.000000  0.000000 ) 
 ( -0.001008  0.000000 -0.000000  0.000000 -0.000000  0.000000 ) 
 ( -0.000031  0.000000 -0.000000  0.000000 -0.000000  0.000000 ) 
 ( -0.000399  0.000000  0.000000  0.000000 -0.000000  0.000000 ) 
 (  0.003216  0.000000 -0.002091  0.000000  0.001320  0.000000 ) 
 (  0.003216  0.000000  0.002091  0.000000 -0.001320  0.000000 ) 
 ( -0.003718  0.000000  0.000000  0.000000 -0.000000  0.000000 ) 
 ( -0.005069  0.000000 -0.000000  0.000000  0.000000  0.000000 ) 
 ( -0.006560  0.000000 -0.000000  0.000000  0.000000  0.000000 ) 
 (  0.075434  0.000000 -0.000000  0.000000 -0.000000  0.000000 ) 
 ( -0.563370  0.000000  0.348705  0.000000  0.241070  0.000000 ) 
 ( -0.563370  0.000000 -0.348705  0.000000 -0.241070  0.000000 ) 
     freq (   32) =      96.373384 [THz] =    3214.670074 [cm-1]
 (  0.003718  0.000000 -0.000000  0.000000  0.000000  0.000000 ) 
 (  0.005069  0.000000  0.000000  0.000000 -0.000000  0.000000 ) 
 (  0.006560  0.000000  0.000000  0.000000  0.000000  0.000000 ) 
 (  0.075434  0.000000  0.000000  0.000000 -0.000000  0.000000 ) 
 ( -0.563370  0.000000  0.348705  0.000000 -0.241070  0.000000 ) 
 ( -0.563370  0.000000 -0.348705  0.000000  0.241070  0.000000 ) 
 (  0.000033  0.000000  0.000000  0.000000 -0.000000  0.000000 ) 
 ( -0.001008  0.000000  0.000000  0.000000  0.000000  0.000000 ) 
 ( -0.000031  0.000000  0.000000  0.000000  0.000000  0.000000 ) 
 (  0.000399  0.000000  0.000000  0.000000  0.000000  0.000000 ) 
 ( -0.003216  0.000000  0.002091  0.000000  0.001320  0.000000 ) 
 ( -0.003216  0.000000 -0.002091  0.000000 -0.001320  0.000000 ) 
     freq (   33) =      98.933135 [THz] =    3300.054155 [cm-1]
 ( -0.000000  0.000000  0.012229  0.000000  0.052089  0.000000 ) 
 (  0.000000  0.000000  0.002257  0.000000 -0.752487  0.000000 ) 
 (  0.000000  0.000000 -0.180013  0.000000 -0.049154  0.000000 ) 
 ( -0.000000  0.000000 -0.002700  0.000000  0.001946 -0.000000 ) 
 ( -0.048601  0.000000  0.028873 -0.000000 -0.009406  0.000000 ) 
 (  0.048601 -0.000000  0.028873 -0.000000 -0.009406  0.000000 ) 
 (  0.000000  0.000000 -0.017914  0.000000 -0.014950  0.000000 ) 
 ( -0.000000  0.000000 -0.011380  0.000000  0.350397 -0.000000 ) 
 ( -0.000000  0.000000  0.289237  0.000000 -0.115681  0.000000 ) 
 (  0.000000 -0.000000  0.017014 -0.000000  0.011690 -0.000000 ) 
 (  0.237355 -0.000000 -0.132579  0.000000 -0.101852  0.000000 ) 
 ( -0.237355  0.000000 -0.132579  0.000000 -0.101852  0.000000 ) 
     freq (   34) =      98.933135 [THz] =    3300.054155 [cm-1]
 ( -0.000000  0.000000  0.017914  0.000000 -0.014950  0.000000 ) 
 (  0.000000  0.000000  0.011380  0.000000  0.350397  0.000000 ) 
 ( -0.000000  0.000000 -0.289237  0.000000 -0.115681  0.000000 ) 
 ( -0.000000  0.000000  0.017014  0.000000 -0.011690  0.000000 ) 
 (  0.237355  0.000000 -0.132579  0.000000  0.101852  0.000000 ) 
 ( -0.237355  0.000000 -0.132579  0.000000  0.101852  0.000000 ) 
 (  0.000000  0.000000  0.012229  0.000000 -0.052089  0.000000 ) 
 (  0.000000  0.000000  0.002257  0.000000  0.752487  0.000000 ) 
 ( -0.000000  0.000000 -0.180013  0.000000  0.049154  0.000000 ) 
 ( -0.000000  0.000000  0.002700  0.000000  0.001946  0.000000 ) 
 (  0.048601  0.000000 -0.028873  0.000000 -0.009406  0.000000 ) 
 ( -0.048601  0.000000 -0.028873  0.000000 -0.009406  0.000000 ) 
     freq (   35) =     100.441006 [THz] =    3350.351314 [cm-1]
 ( -0.000000  0.000000  0.007015  0.000000  0.033116  0.000000 ) 
 (  0.000000  0.000000 -0.001465  0.000000 -0.490503  0.000000 ) 
 (  0.000000  0.000000 -0.102558  0.000000 -0.025978  0.000000 ) 
 ( -0.000000  0.000000 -0.000555  0.000000  0.000752  0.000000 ) 
 ( -0.012364  0.000000  0.008025  0.000000  0.000000  0.000000 ) 
 (  0.012364  0.000000  0.008025  0.000000  0.000000  0.000000 ) 
 (  0.000000  0.000000  0.033526  0.000000 -0.018887  0.000000 ) 
 (  0.000000  0.000000  0.016989  0.000000  0.102136  0.000000 ) 
 ( -0.000000  0.000000 -0.542550  0.000000  0.186772  0.000000 ) 
 ( -0.000000  0.000000 -0.025989  0.000000 -0.018296  0.000000 ) 
 ( -0.373861  0.000000  0.203607  0.000000  0.144426  0.000000 ) 
 (  0.373861  0.000000  0.203607  0.000000  0.144426  0.000000 ) 
     freq (   36) =     100.441006 [THz] =    3350.351314 [cm-1]
 ( -0.000000  0.000000  0.033526  0.000000  0.018887  0.000000 ) 
 (  0.000000  0.000000  0.016989  0.000000 -0.102136  0.000000 ) 
 (  0.000000  0.000000 -0.542550  0.000000 -0.186772  0.000000 ) 
 ( -0.000000  0.000000  0.025989  0.000000 -0.018296  0.000000 ) 
 (  0.373861  0.000000 -0.203607  0.000000  0.144426  0.000000 ) 
 ( -0.373861  0.000000 -0.203607  0.000000  0.144426  0.000000 ) 
 (  0.000000  0.000000 -0.007015  0.000000  0.033116  0.000000 ) 
 (  0.000000  0.000000  0.001465  0.000000 -0.490503  0.000000 ) 
 (  0.000000  0.000000  0.102558  0.000000 -0.025978  0.000000 ) 
 ( -0.000000  0.000000 -0.000555  0.000000 -0.000752  0.000000 ) 
 ( -0.012364  0.000000  0.008025  0.000000 -0.000000  0.000000 ) 
 (  0.012364  0.000000  0.008025  0.000000 -0.000000  0.000000 ) 
 **************************************************************************
